05/05/2009	SAL	AM	S	0.5	99.900000	34980.000000	18.750000	7.710000	0.014000	0.310000	0.026000	0.510000	0.530000	0.01	0.049000	0.024000	1.900000	6.000000	50.000000	239321.453000	11283.559000	3239282.917696	3600072.000000	3595071.900000	7195143.900000	350.000000	950.000000	0.000000	100.000000	0.000000	0.000000	0.000000	0.000000	0.000000	0.000000	34.980000
05/05/2009	SHEL	AM	S	0.5	NaN	NaN	NaN	NaN	NaN	NaN	NaN	NaN	NaN	NaN	NaN	NaN	NaN	NaN	NaN	NaN	NaN	NaN	NaN	NaN	NaN	NaN	NaN	NaN	NaN	NaN	NaN	NaN	NaN	NaN	NaN	NaN
05/05/2009	PIPE	AM	S	0.5	NaN	NaN	NaN	NaN	NaN	NaN	NaN	NaN	NaN	NaN	NaN	NaN	NaN	NaN	NaN	NaN	NaN	NaN	NaN	NaN	NaN	NaN	NaN	NaN	NaN	NaN	NaN	NaN	NaN	NaN	NaN	NaN
05/05/2009	RIV	AM	S	0.5	97.300000	30400.000000	19.550000	7.650000	0.023000	0.350000	0.028000	0.750000	0.780000	0.012000	0.087000	0.025000	1.400000	8.000000	NaN	NaN	NaN	NaN	NaN	NaN	NaN	NaN	NaN	NaN	NaN	NaN	NaN	NaN	NaN	NaN	NaN	30.400000
05/05/2009	IN_BET	AM	S	0.5	NaN	NaN	NaN	NaN	NaN	NaN	NaN	NaN	NaN	NaN	NaN	NaN	NaN	NaN	NaN	NaN	NaN	NaN	NaN	NaN	NaN	NaN	NaN	NaN	NaN	NaN	NaN	NaN	NaN	NaN	NaN	NaN
05/05/2009	CAS	AM	S	0.5	108.900000	25.690000	21.220000	7.570000	NaN	NaN	NaN	NaN	NaN	NaN	NaN	NaN	NaN	NaN	7375.000000	447875.624000	102002.040000	4885357.638532	8121829.100000	5010100.200000	13131929.300000	100.000000	7625.000000	0.000000	125.000000	0.000000	25.000000	0.000000	0.000000	0.000000	0.000000	25.690000
05/05/2009	KEN	AM	S	2.00	82.400000	490.000000	17.440000	7.890000	0.002500	0.460000	0.047000	0.570000	0.620000	0.060000	0.082000	0.064000	1.600000	13.000000	0.000000	NaN	NaN	NaN	NaN	NaN	NaN	67.000000	0.000000	111.000000	7.000000	3.000000	101.000000	0.000000	3.000000	3.000000	3.000000	0.490000
05/12/2009	SAL	AM	S	0.51	88.800000	35300.000000	18.720000	7.820000	0.015000	0.310000	0.023000	0.620000	0.640000	0.014000	0.081000	0.026000	1.800000	6.000000	0.000000	248254.965000	13900.278000	2646773.201072	2773388.800000	3058394.500000	5831783.300000	50.000000	10950.000000	0.000000	0.000000	0.000000	0.000000	0.000000	0.000000	0.000000	0.000000	35.300000
05/12/2009	SHEL	AM	S	0.5	NaN	NaN	NaN	NaN	NaN	NaN	NaN	NaN	NaN	NaN	NaN	NaN	NaN	NaN	NaN	NaN	NaN	NaN	NaN	NaN	NaN	NaN	NaN	NaN	NaN	NaN	NaN	NaN	NaN	NaN	NaN	NaN
05/12/2009	PIPE	AM	S	0.5	NaN	NaN	NaN	NaN	NaN	NaN	NaN	NaN	NaN	NaN	NaN	NaN	NaN	NaN	NaN	NaN	NaN	NaN	NaN	NaN	NaN	NaN	NaN	NaN	NaN	NaN	NaN	NaN	NaN	NaN	NaN	NaN
05/12/2009	RIV	AM	S	0.5	NaN	NaN	16.580000	7.290000	0.016000	0.580000	0.023000	1.100000	1.100000	0.024000	0.140000	0.040000	2.100000	8.000000	5808.000000	NaN	NaN	NaN	NaN	NaN	NaN	0.000000	7036.000000	135.000000	0.000000	34.000000	202.000000	0.000000	34.000000	34.000000	34.000000	NaN
05/12/2009	IN_BET	AM	S	0.5	NaN	NaN	NaN	NaN	NaN	NaN	NaN	NaN	NaN	NaN	NaN	NaN	NaN	NaN	NaN	NaN	NaN	NaN	NaN	NaN	NaN	NaN	NaN	NaN	NaN	NaN	NaN	NaN	NaN	NaN	NaN	NaN
05/12/2009	CAS	AM	S	0.5	49.100000	22780.000000	19.180000	7.100000	0.011000	0.480000	0.023000	0.760000	0.790000	0.048000	0.094000	0.017000	1.800000	11.000000	6620.000000	123069.128000	23567.138000	1217410.014380	3328399.900000	3581738.300000	6910138.200000	25.000000	8525.000000	0.000000	150.000000	0.000000	0.000000	0.000000	0.000000	0.000000	0.000000	22.780000
05/12/2009	KEN	AM	S	0.50	77.300000	520.000000	16.410000	7.710000	0.000600	0.480000	0.022000	0.580000	0.600000	0.050000	0.063000	0.038000	1.400000	10.000000	0.000000	NaN	NaN	NaN	NaN	NaN	NaN	3.000000	0.000000	17.000000	3.000000	0.000000	10.000000	0.000000	7.000000	7.000000	7.000000	0.520000
15/05/2009	SHEL	AM	S	0.5	104.100000	33200.000000	17.870000	7.740000	NaN	NaN	NaN	NaN	NaN	NaN	NaN	NaN	NaN	NaN	44.000000	268922.045000	13083.595000	3500730.546544	2188377.100000	4100082.000000	6288459.100000	66.666667	5716.666667	66.666667	33.333333	0.000000	0.000000	0.000000	0.000000	0.000000	0.000000	33.200000
15/05/2009	PIPE	AM	S	0.5	NaN	NaN	NaN	NaN	NaN	NaN	NaN	NaN	NaN	NaN	NaN	NaN	NaN	NaN	0.000000	404574.758000	13150.263000	3316390.859824	2173376.800000	3791742.500000	5965119.300000	110.000000	790.000000	0.000000	35.000000	0.000000	70.000000	0.000000	0.000000	0.000000	0.000000	NaN
15/05/2009	RIV	AM	S	0.5	80.800000	31700.000000	18.470000	7.540000	NaN	NaN	NaN	NaN	NaN	NaN	NaN	NaN	NaN	NaN	30.000000	231737.968000	14116.949000	1991636.698604	1836703.400000	2671720.100000	4508423.500000	50.000000	2570.000000	20.000000	280.000000	0.000000	30.000000	0.000000	0.000000	0.000000	0.000000	31.700000
15/05/2009	IN_BET	AM	S	0.5	84.600000	30090.000000	18.350000	7.490000	NaN	NaN	NaN	NaN	NaN	NaN	NaN	NaN	NaN	NaN	10555.000000	NaN	NaN	NaN	NaN	NaN	NaN	NaN	NaN	NaN	NaN	NaN	NaN	NaN	NaN	NaN	NaN	30.090000
15/05/2009	CAS	AM	S	0.5	105.000000	29990.000000	19.450000	7.620000	NaN	NaN	NaN	NaN	NaN	NaN	NaN	NaN	NaN	NaN	55500.000000	270338.740000	53117.729000	4241854.768732	3658406.500000	4863430.600000	8521837.100000	0.000000	74950.000000	0.000000	150.000000	0.000000	200.000000	0.000000	0.000000	0.000000	0.000000	29.990000
15/05/2009	KENT	AM	S	0.5	152.700000	30780.000000	21.720000	7.860000	NaN	NaN	NaN	NaN	NaN	NaN	NaN	NaN	NaN	NaN	50.000000	243871.544000	46434.262000	4821869.102120	4488423.100000	6843470.200000	11331893.300000	100.000000	23300.000000	0.000000	150.000000	0.000000	0.000000	0.000000	0.000000	0.000000	0.000000	30.780000
17/05/2009	SAL	AM	S	0.5	NaN	NaN	NaN	NaN	NaN	NaN	NaN	NaN	NaN	NaN	NaN	NaN	NaN	NaN	10.000000	20.000000	20267.072000	3734339.885304	2438382.100000	2501716.700000	6803469.400000	50.000000	2341.000000	110.000000	80.000000	0.000000	10.000000	0.000000	0.000000	0.000000	0.000000	NaN
17/05/2009	SHEL	AM	S	0.5	NaN	NaN	NaN	NaN	NaN	NaN	NaN	NaN	NaN	NaN	NaN	NaN	NaN	NaN	20.000000	20.000000	NaN	NaN	NaN	NaN	NaN	60.000000	3490.000000	30.000000	100.000000	0.000000	10.000000	0.000000	0.000000	0.000000	0.000000	NaN
17/05/2009	PIPE	AM	S	0.5	NaN	NaN	NaN	NaN	NaN	NaN	NaN	NaN	NaN	NaN	NaN	NaN	NaN	NaN	NaN	nAN	14900.298000	3813190.062276	2313379.600000	2816723.000000	5808449.500000	0.000000	0.000000	0.000000	0.000000	0.000000	0.000000	0.000000	0.000000	0.000000	0.000000	NaN
17/05/2009	RIV	AM	S	0.5	NaN	NaN	NaN	NaN	NaN	NaN	NaN	NaN	NaN	NaN	NaN	NaN	NaN	NaN	23.000000	23.000000	21383.761000	3634358.085708	2358380.500000	2923391.800000	6286792.400000	30.000000	472.000000	2.000000	46.000000	0.000000	26.000000	0.000000	0.000000	0.000000	0.000000	NaN
17/05/2009	IN_BET	AM	S	0.5	NaN	NaN	NaN	NaN	NaN	NaN	NaN	NaN	NaN	NaN	NaN	NaN	NaN	NaN	NaN	NaN	NaN	NaN	NaN	NaN	NaN	NaN	NaN	NaN	NaN	NaN	NaN	NaN	NaN	NaN	NaN	NaN
17/05/2009	CAS	AM	S	0.5	NaN	NaN	NaN	NaN	NaN	NaN	NaN	NaN	NaN	NaN	NaN	NaN	NaN	NaN	52000.000000	273088.795000	15850.317000	4071827.634924	2523383.800000	3013393.600000	6468462.700000	250.000000	77500.000000	0.000000	0.000000	0.000000	0.000000	0.000000	0.000000	0.000000	0.000000	NaN
17/05/2009	KENT	AM	S	0.5	NaN	NaN	NaN	NaN	NaN	NaN	NaN	NaN	NaN	NaN	NaN	NaN	NaN	NaN	4125.000000	384857.697000	21983.773000	4634400.886164	2223377.800000	1881704.300000	7143476.200000	175.000000	10250.000000	0.000000	25.000000	0.000000	0.000000	0.000000	0.000000	0.000000	0.000000	NaN
19/05/2009	SAL	AM	S	0.50	85.900000	34880.000000	17.680000	7.620000	0.004300	0.360000	0.010000	0.480000	0.480000	0.010000	0.042000	0.009000	1.900000	6.000000	50.000000	243988.213000	10916.885000	3121073.220216	1788369.100000	3595071.900000	5383441.000000	83.333333	5066.666667	0.000000	50.000000	0.000000	0.000000	0.000000	0.000000	0.000000	0.000000	34.880000
19/05/2009	SHEL	AM	S	0.5	NaN	NaN	NaN	NaN	NaN	NaN	NaN	NaN	NaN	NaN	NaN	NaN	NaN	NaN	NaN	303472.736000	27967.226000	3991909.636596	2110042.200000	4785095.700000	6895137.900000	NaN	NaN	NaN	NaN	NaN	NaN	NaN	NaN	NaN	NaN	NaN
19/05/2009	PIPE	AM	S	0.5	NaN	NaN	NaN	NaN	NaN	NaN	NaN	NaN	NaN	NaN	NaN	NaN	NaN	NaN	NaN	442975.526000	18350.367000	4635805.914264	2816723.000000	5481776.300000	8298499.300000	NaN	NaN	NaN	NaN	NaN	NaN	NaN	NaN	NaN	NaN	NaN
19/05/2009	RIV	AM	S	0.50	79.100000	30830.000000	17.910000	7.530000	0.016000	0.370000	0.010000	0.640000	0.640000	0.010000	0.073000	0.017000	1.800000	7.000000	NaN	372257.445000	28650.573000	4682621.450556	2923391.800000	6256791.800000	9180183.600000	NaN	NaN	NaN	NaN	NaN	NaN	NaN	NaN	NaN	NaN	30.830000
19/05/2009	IN_BET	AM	S	0.5	59.600000	30530.000000	19.410000	7.370000	NaN	NaN	NaN	NaN	NaN	NaN	NaN	NaN	NaN	NaN	12400.000000	342156.843000	31133.956000	4510439.940328	2130042.600000	5666780.000000	7796822.600000	0.000000	14150.000000	0.000000	0.000000	0.000000	0.000000	0.000000	0.000000	0.000000	0.000000	30.530000
19/05/2009	IN_BET	AM	S	1.0	54.900000	31310.000000	19.570000	7.390000	NaN	NaN	NaN	NaN	NaN	NaN	NaN	NaN	NaN	NaN	32500.000000	374424.155000	41917.505000	4479566.789544	2305046.100000	5290105.800000	7595151.900000	50.000000	36250.000000	0.000000	300.000000	0.000000	150.000000	0.000000	0.000000	0.000000	0.000000	31.310000
19/05/2009	CAS	AM	S	0	67.500000	21490.000000	18.700000	7.280000	NaN	NaN	NaN	NaN	NaN	NaN	NaN	NaN	NaN	NaN	17.000000	95368.574000	12250.245000	240465.875888	1850037.000000	2576718.200000	4426755.200000	60.000000	1100.000000	0.000000	10.000000	0.000000	0.000000	0.000000	0.000000	0.000000	0.000000	21.490000
19/05/2009	CAS	AM	S	0.5	84.900000	30460.000000	20.270000	7.610000	NaN	NaN	NaN	NaN	NaN	NaN	NaN	NaN	NaN	NaN	17133.000000	253088.395000	47984.293000	5251601.629932	3808409.500000	5706780.800000	9515190.300000	10.000000	2220.000000	0.000000	35.000000	0.000000	5.000000	0.000000	0.000000	0.000000	0.000000	30.460000
19/05/2009	CAS	AM	S	1.0	61.200000	31410.000000	19.660000	7.490000	NaN	NaN	NaN	NaN	NaN	NaN	NaN	NaN	NaN	NaN	37350.000000	282522.317000	66517.997000	4829006.644868	4743428.200000	5625112.500000	10368540.700000	50.000000	43500.000000	0.000000	400.000000	0.000000	0.000000	0.000000	0.000000	0.000000	0.000000	31.410000
19/05/2009	CAS	AM	S	1.5	50.100000	31660.000000	19.480000	7.440000	NaN	NaN	NaN	NaN	NaN	NaN	NaN	NaN	NaN	NaN	30600.000000	255638.446000	58851.177000	4214241.283140	3393401.200000	4488423.100000	7881824.300000	50.000000	34600.000000	0.000000	250.000000	0.000000	50.000000	0.000000	0.000000	0.000000	0.000000	31.660000
19/05/2009	CAS	AM	S	2.0	38.400000	31850.000000	19.490000	7.370000	NaN	NaN	NaN	NaN	NaN	NaN	NaN	NaN	NaN	NaN	18200.000000	248521.637000	41200.824000	3958563.636356	3573404.800000	4330086.600000	7903491.400000	0.000000	20650.000000	0.000000	300.000000	0.000000	100.000000	0.000000	0.000000	0.000000	0.000000	31.850000
19/05/2009	CAS	AM	S	2.5	36.300000	31850.000000	19.500000	7.360000	NaN	NaN	NaN	NaN	NaN	NaN	NaN	NaN	NaN	NaN	100.000000	322573.118000	49534.324000	3909874.729264	2473382.800000	4303419.400000	6776802.200000	100.000000	27150.000000	0.000000	200.000000	0.000000	50.000000	0.000000	0.000000	0.000000	0.000000	31.850000
19/05/2009	KENT	AM	S	0	91.100000	11270.000000	17.070000	7.520000	NaN	NaN	NaN	NaN	NaN	NaN	NaN	NaN	NaN	NaN	16.000000	104068.748000	10350.207000	370178.070080	3571738.100000	6330126.600000	9901864.700000	48.000000	2128.000000	0.000000	472.000000	0.000000	0.000000	0.000000	0.000000	0.000000	0.000000	11.270000
19/05/2009	KENT	AM	S	0.5	77.700000	30900.000000	20.550000	7.530000	NaN	0.470000	0.018000	0.550000	0.570000	0.039000	0.054000	0.024000	1.500000	10.000000	2600.000000	283022.327000	65167.970000	11233480.665120	3855077.100000	6963472.600000	10818549.700000	8.000000	2904.000000	0.000000	72.000000	0.000000	8.000000	0.000000	0.000000	0.000000	0.000000	30.900000
19/05/2009	KENT	AM	S	1.0	4.800000	31820.000000	20.500000	7.160000	NaN	NaN	NaN	NaN	NaN	NaN	NaN	NaN	NaN	NaN	8.000000	676496.863000	2850.057000	4437603.283624	5478442.900000	5606778.800000	11085221.700000	32.000000	160.000000	8.000000	8.000000	0.000000	0.000000	0.000000	0.000000	0.000000	0.000000	31.820000
19/05/2009	KENT	AM	S	1.5	4.100000	31810.000000	20.260000	7.160000	NaN	NaN	NaN	NaN	NaN	NaN	NaN	NaN	NaN	NaN	0.000000	914401.621000	3800.076000	5348117.693548	4138416.100000	5556777.800000	9695193.900000	0.000000	520.000000	8.000000	192.000000	0.000000	0.000000	0.000000	0.000000	0.000000	0.000000	31.810000
19/05/2009	KENT	AM	S	2.0	4.100000	31810.000000	20.240000	7.160000	NaN	NaN	NaN	NaN	NaN	NaN	NaN	NaN	NaN	NaN	0.000000	820449.742000	3800.076000	5352538.848636	4720094.400000	6961805.900000	11681900.300000	8.000000	424.000000	0.000000	56.000000	0.000000	0.000000	0.000000	0.000000	0.000000	0.000000	31.810000
19/05/2009	KENT	AM	S	2.5	4.000000	31790.000000	20.200000	7.160000	NaN	NaN	NaN	NaN	NaN	NaN	NaN	NaN	NaN	NaN	0.000000	888184.430000	3800.076000	3896836.068496	4146749.600000	7228477.900000	11375227.500000	0.000000	464.000000	0.000000	48.000000	0.000000	0.000000	0.000000	0.000000	0.000000	0.000000	31.790000
19/05/2009	KENT	AM	S	3.0	3.800000	31740.000000	20.030000	7.180000	NaN	NaN	NaN	NaN	NaN	NaN	NaN	NaN	NaN	NaN	0.000000	780765.615000	3783.409000	5801941.769848	4146749.600000	7228477.900000	11375227.500000	40.000000	872.000000	0.000000	24.000000	0.000000	16.000000	0.000000	0.000000	0.000000	0.000000	31.740000
19/05/2009	SAL	AM	S	0.5	NaN	NaN	NaN	NaN	NaN	NaN	NaN	NaN	NaN	NaN	NaN	NaN	NaN	NaN	NaN	NaN	NaN	NaN	NaN	NaN	NaN	NaN	NaN	NaN	NaN	NaN	NaN	NaN	NaN	NaN	NaN	NaN
19/05/2009	SHEL	AM	S	0.5	NaN	NaN	NaN	NaN	NaN	NaN	NaN	NaN	NaN	NaN	NaN	NaN	NaN	NaN	NaN	NaN	NaN	NaN	NaN	NaN	NaN	NaN	NaN	NaN	NaN	NaN	NaN	NaN	NaN	NaN	NaN	NaN
19/05/2009	PIPE	AM	S	0.5	NaN	NaN	NaN	NaN	NaN	NaN	NaN	NaN	NaN	NaN	NaN	NaN	NaN	NaN	NaN	NaN	NaN	NaN	NaN	NaN	NaN	NaN	NaN	NaN	NaN	NaN	NaN	NaN	NaN	NaN	NaN	NaN
19/05/2009	RIV	AM	S	0.5	NaN	NaN	NaN	NaN	NaN	NaN	NaN	NaN	NaN	NaN	NaN	NaN	NaN	NaN	NaN	NaN	NaN	NaN	NaN	NaN	NaN	NaN	NaN	NaN	NaN	NaN	NaN	NaN	NaN	NaN	NaN	NaN
19/05/2009	IN_BET	PM	S	0	94.500000	24190.000000	20.220000	7.430000	NaN	NaN	NaN	NaN	NaN	NaN	NaN	NaN	NaN	NaN	3316.666667	93985.213000	18050.361000	2744413.287168	3590071.800000	4835096.700000	8425168.500000	33.333333	4216.666667	50.000000	583.333333	0.000000	33.333333	0.000000	0.000000	0.000000	0.000000	24.190000
19/05/2009	IN_BET	PM	S	0.5	90.200000	30410.000000	20.390000	7.560000	NaN	NaN	NaN	NaN	NaN	NaN	NaN	NaN	NaN	NaN	6400.000000	166219.991000	34134.016000	4570462.740760	4675093.500000	5505110.100000	10180203.600000	50.000000	7950.000000	225.000000	750.000000	0.000000	125.000000	0.000000	0.000000	0.000000	0.000000	30.410000
19/05/2009	IN_BET	PM	S	1.0	64.000000	31520.000000	19.810000	7.450000	NaN	NaN	NaN	NaN	NaN	NaN	NaN	NaN	NaN	NaN	55175.000000	339523.457000	66017.987000	4596764.866792	4198417.300000	4971766.100000	9170183.400000	0.000000	55425.000000	0.000000	50.000000	0.000000	50.000000	0.000000	0.000000	0.000000	0.000000	31.520000
19/05/2009	IN_BET	PM	S	1.5	61.400000	31740.000000	19.700000	7.440000	NaN	NaN	NaN	NaN	NaN	NaN	NaN	NaN	NaN	NaN	6075.000000	230871.284000	38484.103000	3922651.118120	3841743.500000	5418441.700000	9260185.200000	125.000000	8800.000000	25.000000	325.000000	0.000000	50.000000	0.000000	0.000000	0.000000	0.000000	31.740000
19/05/2009	CAS	PM	S	0	78.300000	19630.000000	19.100000	7.170000	NaN	NaN	NaN	NaN	NaN	NaN	NaN	NaN	NaN	NaN	50.000000	97085.275000	16116.989000	1914210.283440	3091728.500000	4533424.000000	7625152.500000	112.500000	3512.500000	50.000000	575.000000	0.000000	50.000000	0.000000	0.000000	0.000000	0.000000	19.630000
19/05/2009	CAS	PM	S	0.5	138.000000	30460.000000	20.840000	7.820000	NaN	NaN	NaN	NaN	NaN	NaN	NaN	NaN	NaN	NaN	63600.000000	243254.865000	76451.529000	4917991.757868	5725114.500000	5778448.900000	11503563.400000	200.000000	80750.000000	0.000000	500.000000	0.000000	0.000000	0.000000	0.000000	0.000000	0.000000	30.460000
19/05/2009	CAS	PM	S	1.0	107.400000	31390.000000	20.110000	7.710000	NaN	NaN	NaN	NaN	NaN	NaN	NaN	NaN	NaN	NaN	34700.000000	223604.472000	77734.888000	4726458.327276	21592098.500000	25853850.400000	47445948.900000	200.000000	38000.000000	0.000000	0.000000	0.000000	50.000000	0.000000	0.000000	0.000000	0.000000	31.390000
19/05/2009	CAS	PM	S	1.5	62.300000	31650.000000	19.520000	7.450000	NaN	NaN	NaN	NaN	NaN	NaN	NaN	NaN	NaN	NaN	37857.000000	172653.453000	60734.548000	3859424.853620	4485089.700000	4695093.900000	9180183.600000	100.000000	42750.000000	0.000000	50.000000	0.000000	0.000000	0.000000	0.000000	0.000000	0.000000	31.650000
19/05/2009	CAS	PM	S	2.0	46.700000	31830.000000	19.600000	7.350000	NaN	NaN	NaN	NaN	NaN	NaN	NaN	NaN	NaN	NaN	26200.000000	180286.939000	39117.449000	3896199.122424	3465069.300000	5015100.300000	8480169.600000	0.000000	30300.000000	0.000000	50.000000	0.000000	50.000000	0.000000	0.000000	0.000000	0.000000	31.830000
19/05/2009	CAS	PM	S	2.5	45.800000	31850.000000	19.610000	7.360000	NaN	NaN	NaN	NaN	NaN	NaN	NaN	NaN	NaN	NaN	24200.000000	212987.593000	43784.209000	3562383.179572	3635072.700000	4808429.500000	8443502.200000	100.000000	17600.000000	0.000000	250.000000	0.000000	200.000000	0.000000	0.000000	0.000000	0.000000	31.850000
19/05/2009	KENT	PM	S	0	114.400000	10970.000000	18.630000	7.640000	NaN	NaN	NaN	NaN	NaN	NaN	NaN	NaN	NaN	NaN	3.333333	96918.605000	6200.124000	268997.313172	1961705.900000	2938392.100000	4900098.000000	13.333333	976.666667	20.000000	56.666667	0.000000	0.000000	0.000000	0.000000	0.000000	13.333333	10.970000
19/05/2009	KENT	PM	S	0.5	118.500000	30900.000000	21.060000	7.720000	NaN	NaN	NaN	NaN	NaN	NaN	NaN	NaN	NaN	NaN	12100.000000	181336.960000	39834.130000	5323258.063032	3873410.800000	6010120.200000	9883531.000000	100.000000	17600.000000	0.000000	250.000000	0.000000	200.000000	0.000000	0.000000	0.000000	0.000000	30.900000
19/05/2009	KENT	PM	S	1.0	24.800000	31610.000000	21.020000	7.240000	NaN	NaN	NaN	NaN	NaN	NaN	NaN	NaN	NaN	NaN	3980.000000	375140.836000	28050.561000	5710015.464692	5475109.500000	6656799.800000	12131909.300000	40.000000	5060.000000	60.000000	700.000000	0.000000	40.000000	0.000000	0.000000	0.000000	0.000000	31.610000
19/05/2009	KENT	PM	S	1.5	12.500000	31840.000000	20.170000	7.170000	NaN	NaN	NaN	NaN	NaN	NaN	NaN	NaN	NaN	NaN	853.333333	730131.269000	3800.076000	5468182.028120	3713407.600000	5161769.900000	8875177.500000	6.666667	1060.000000	30.000000	100.000000	0.000000	16.666667	0.000000	0.000000	0.000000	0.000000	31.840000
19/05/2009	KENT	PM	S	2.0	13.600000	31810.000000	19.950000	7.160000	NaN	NaN	NaN	NaN	NaN	NaN	NaN	NaN	NaN	NaN	7356.666667	657213.144000	3800.076000	5397593.416376	3385067.700000	5070101.400000	8455169.100000	16.666667	1173.333333	3.333333	43.333333	0.000000	6.666667	0.000000	0.000000	0.000000	0.000000	31.810000
19/05/2009	KENT	PM	S	2.5	14.600000	31800.000000	19.920000	7.160000	NaN	NaN	NaN	NaN	NaN	NaN	NaN	NaN	NaN	NaN	810.000000	540460.809000	4716.761000	5077977.624188	3330066.600000	5168436.700000	8498503.300000	200.000000	3512.500000	50.000000	575.000000	0.000000	50.000000	0.000000	0.000000	0.000000	0.000000	31.800000
22/05/2009	SAL	AM	S	0.5	NaN	NaN	NaN	NaN	NaN	NaN	NaN	NaN	NaN	NaN	NaN	NaN	NaN	NaN	NaN	225771.182000	30617.279000	3063335.932160	1695033.900000	3545070.900000	5240104.800000	NaN	NaN	NaN	NaN	NaN	NaN	NaN	NaN	NaN	NaN	NaN
22/05/2009	SHEL	AM	S	0.5	NaN	NaN	NaN	NaN	NaN	NaN	NaN	NaN	NaN	NaN	NaN	NaN	NaN	NaN	NaN	173153.463000	32467.316000	2950783.814496	2051707.700000	3461735.900000	5513443.600000	NaN	NaN	NaN	NaN	NaN	NaN	NaN	NaN	NaN	NaN	NaN
22/05/2009	PIPE	AM	S	0.5	NaN	NaN	NaN	NaN	NaN	NaN	NaN	NaN	NaN	NaN	NaN	NaN	NaN	NaN	NaN	375274.172000	66584.665000	5114845.561532	2946725.600000	5500110.000000	8446835.600000	NaN	NaN	NaN	NaN	NaN	NaN	NaN	NaN	NaN	NaN	NaN
22/05/2009	RIV	AM	S	0	82.700000	33250.000000	16.210000	7.550000	NaN	NaN	NaN	NaN	NaN	NaN	NaN	NaN	NaN	NaN	8.000000	323173.130000	36600.732000	4608848.108452	1913371.600000	4608425.500000	6521797.100000	333.333333	783.333333	308.333333	1491.666667	0.000000	66.666667	0.000000	8.333333	0.000000	0.000000	33.250000
22/05/2009	RIV	AM	S	0.5	80.800000	33040.000000	16.240000	7.540000	NaN	NaN	NaN	NaN	NaN	NaN	NaN	NaN	NaN	NaN	213.000000	359707.194000	25167.170000	4990322.604456	1876704.200000	4515090.300000	6391794.500000	237.500000	1700.000000	62.500000	1925.000000	0.000000	87.500000	0.000000	0.000000	0.000000	0.000000	33.040000
22/05/2009	RIV	AM	S	1.0	80.800000	33170.000000	16.240000	7.590000	NaN	NaN	NaN	NaN	NaN	NaN	NaN	NaN	NaN	NaN	138.000000	313089.595000	34200.684000	5367038.738628	1866704.000000	4546757.600000	6413461.600000	62.500000	3675.000000	37.500000	137.500000	0.000000	0.000000	0.000000	0.000000	0.000000	0.000000	33.170000
22/05/2009	RIV	AM	S	1.5	81.500000	33280.000000	16.210000	7.580000	NaN	NaN	NaN	NaN	NaN	NaN	NaN	NaN	NaN	NaN	75.000000	337973.426000	30833.950000	5104935.430000	1736701.400000	4478422.900000	6215124.300000	108.333333	1725.000000	91.666667	183.333333	0.000000	0.000000	0.000000	0.000000	0.000000	583.333333	33.280000
22/05/2009	RIV	AM	S	2.0	81.500000	33310.000000	16.200000	7.600000	NaN	NaN	NaN	NaN	NaN	NaN	NaN	NaN	NaN	NaN	NaN	277872.224000	34117.349000	5202725.385760	1620032.400000	3728407.900000	5348440.300000	NaN	NaN	NaN	NaN	NaN	NaN	NaN	NaN	NaN	NaN	33.310000
22/05/2009	IN_BET	AM	S	0	62.300000	17950.000000	16.830000	7.060000	NaN	NaN	NaN	NaN	NaN	NaN	NaN	NaN	NaN	NaN	NaN	257588.485000	15200.304000	5996922.202712	1835036.700000	6390127.800000	8225164.500000	NaN	NaN	NaN	NaN	NaN	NaN	NaN	NaN	NaN	NaN	17.950000
22/05/2009	IN_BET	AM	S	0.5	61.300000	28140.000000	16.790000	7.190000	NaN	NaN	NaN	NaN	NaN	NaN	NaN	NaN	NaN	NaN	NaN	583495.003000	34984.033000	6160186.467932	1931705.300000	5900118.000000	7831823.300000	NaN	NaN	NaN	NaN	NaN	NaN	NaN	NaN	NaN	NaN	28.140000
22/05/2009	IN_BET	AM	S	1.0	68.400000	30640.000000	16.560000	7.310000	NaN	NaN	NaN	NaN	NaN	NaN	NaN	NaN	NaN	NaN	NaN	347740.288000	41550.831000	6934075.945412	1781702.300000	4975099.500000	6756801.800000	NaN	NaN	NaN	NaN	NaN	NaN	NaN	NaN	NaN	NaN	30.640000
22/05/2009	IN_BET	AM	S	1.5	70.200000	31400.000000	16.530000	7.360000	NaN	NaN	NaN	NaN	NaN	NaN	NaN	NaN	NaN	NaN	NaN	359323.853000	35000.700000	4400735.346280	1625032.500000	4153416.400000	5778448.900000	NaN	NaN	NaN	NaN	NaN	NaN	NaN	NaN	NaN	NaN	31.400000
22/05/2009	CAS	AM	S	0	51.300000	7050.000000	15.100000	7.100000	NaN	NaN	NaN	NaN	NaN	NaN	NaN	NaN	NaN	NaN	100.000000	369757.395000	19883.731000	4805420.906496	3125062.500000	7121809.100000	10246871.600000	75.000000	3075.000000	200.000000	2200.000000	0.000000	1100.000000	0.000000	0.000000	0.000000	0.000000	7.050000
22/05/2009	CAS	AM	S	0.5	21.600000	23870.000000	16.380000	7.080000	NaN	NaN	NaN	NaN	NaN	NaN	NaN	NaN	NaN	NaN	4300.000000	316806.336000	30167.270000	6299658.923992	2976726.200000	6360127.200000	9336853.400000	233.333333	7566.666667	166.666667	1166.666667	0.000000	66.666667	0.000000	0.000000	0.000000	0.000000	23.870000
22/05/2009	CAS	AM	S	1.0	22.100000	26470.000000	16.550000	7.120000	NaN	NaN	NaN	NaN	NaN	NaN	NaN	NaN	NaN	NaN	8600.000000	302522.717000	39067.448000	7270664.477048	2560051.200000	6428461.900000	8988513.100000	200.000000	11760.000000	120.000000	440.000000	0.000000	0.000000	0.000000	0.000000	0.000000	0.000000	26.470000
22/05/2009	CAS	AM	S	1.5	24.400000	28010.000000	16.520000	7.160000	NaN	NaN	NaN	NaN	NaN	NaN	NaN	NaN	NaN	NaN	1775.000000	297555.951000	35584.045000	6689507.387472	2790055.800000	6665133.300000	9455189.100000	162.500000	2587.500000	137.500000	275.000000	0.000000	0.000000	0.000000	0.000000	0.000000	875.000000	28.010000
22/05/2009	CAS	AM	S	2.0	24.400000	28230.000000	16.520000	7.170000	NaN	NaN	NaN	NaN	NaN	NaN	NaN	NaN	NaN	NaN	1950.000000	319906.398000	30767.282000	7127370.344556	2723387.800000	6561797.900000	9285185.700000	208.333333	2616.666667	25.000000	250.000000	0.000000	25.000000	0.000000	0.000000	0.000000	0.000000	28.230000
22/05/2009	CAS	AM	S	2.5	25.600000	28360.000000	16.480000	7.180000	NaN	NaN	NaN	NaN	NaN	NaN	NaN	NaN	NaN	NaN	NaN	314106.282000	32533.984000	6201082.152496	1751701.700000	5348440.300000	7100142.000000	225.000000	2458.333333	75.000000	91.666667	0.000000	25.000000	0.000000	0.000000	0.000000	0.000000	28.360000
22/05/2009	CAS	AM	S	3.0	25.100000	28450.000000	16.500000	7.180000	NaN	NaN	NaN	NaN	NaN	NaN	NaN	NaN	NaN	NaN	8.000000	293405.868000	33417.335000	6378134.426804	2995059.900000	6353460.400000	9348520.300000	NaN	NaN	NaN	NaN	NaN	NaN	NaN	NaN	NaN	NaN	28.450000
22/05/2009	KENT	AM	S	0.5	NaN	NaN	NaN	NaN	NaN	NaN	NaN	NaN	NaN	NaN	NaN	NaN	NaN	NaN	NaN	290822.483000	8533.504000	5784463.220284	3336733.400000	7008473.500000	10345206.900000	NaN	NaN	NaN	NaN	NaN	NaN	NaN	NaN	NaN	NaN	NaN
22/05/2009	KENT	AM	S	0	48.500000	21500.000000	17.860000	7.000000	NaN	NaN	NaN	NaN	NaN	NaN	NaN	NaN	NaN	NaN	NaN	259805.196000	15183.637000	6857417.612276	3913411.600000	7545150.900000	11458562.500000	NaN	NaN	NaN	NaN	NaN	NaN	NaN	NaN	NaN	NaN	21.500000
22/05/2009	KENT	AM	S	0.5	47.200000	21910.000000	17.890000	7.040000	NaN	NaN	NaN	NaN	NaN	NaN	NaN	NaN	NaN	NaN	NaN	251555.031000	16133.656000	7314014.277360	4201750.700000	7223477.800000	11425228.500000	NaN	NaN	NaN	NaN	NaN	NaN	NaN	NaN	NaN	NaN	21.910000
22/05/2009	KENT	AM	S	1.0	46.700000	21990.000000	17.920000	7.020000	NaN	NaN	NaN	NaN	NaN	NaN	NaN	NaN	NaN	NaN	NaN	287872.424000	15183.637000	6984881.761508	3541737.500000	7143476.200000	10685213.700000	NaN	NaN	NaN	NaN	NaN	NaN	NaN	NaN	NaN	NaN	21.990000
22/05/2009	KENT	AM	S	1.5	45.900000	22530.000000	17.930000	7.010000	NaN	NaN	NaN	NaN	NaN	NaN	NaN	NaN	NaN	NaN	NaN	276688.867000	15200.304000	7175497.240408	4238418.100000	7640152.800000	11878570.900000	NaN	NaN	NaN	NaN	NaN	NaN	NaN	NaN	NaN	NaN	22.530000
22/05/2009	KENT	AM	S	2.0	45.900000	22430.000000	17.950000	7.010000	NaN	NaN	NaN	NaN	NaN	NaN	NaN	NaN	NaN	NaN	NaN	315839.650000	16133.656000	6458614.436372	3991746.500000	8075161.500000	12066908.000000	NaN	NaN	NaN	NaN	NaN	NaN	NaN	NaN	NaN	NaN	22.430000
22/05/2009	KENT	AM	S	2.5	43.400000	28210.000000	18.760000	7.070000	NaN	NaN	NaN	NaN	NaN	NaN	NaN	NaN	NaN	NaN	NaN	276255.525000	13300.266000	7478777.239220	3108395.500000	7210144.200000	10318539.700000	NaN	NaN	NaN	NaN	NaN	NaN	NaN	NaN	NaN	NaN	28.210000
22/05/2009	KENT	AM	S	3.0	39.400000	30750.000000	19.570000	7.180000	NaN	NaN	NaN	NaN	NaN	NaN	NaN	NaN	NaN	NaN	NaN	284089.015000	28983.913000	6415545.641680	2853390.400000	6671800.100000	9525190.500000	NaN	NaN	NaN	NaN	NaN	NaN	NaN	NaN	NaN	NaN	30.750000
24/05/2009	SAL	AM	S	0.5	NaN	NaN	NaN	NaN	NaN	NaN	NaN	NaN	NaN	NaN	NaN	NaN	NaN	NaN	NaN	12416.915000	36067.388000	3075569.043484	1476696.200000	2871724.100000	4348420.300000	NaN	NaN	NaN	NaN	NaN	NaN	NaN	NaN	NaN	NaN	NaN
24/05/2009	SHEL	AM	S	0.5	NaN	NaN	NaN	NaN	NaN	NaN	NaN	NaN	NaN	NaN	NaN	NaN	NaN	NaN	NaN	186053.721000	41384.161000	3218207.496196	1330026.600000	3005060.100000	4335086.700000	NaN	NaN	NaN	NaN	NaN	NaN	NaN	NaN	NaN	NaN	NaN
24/05/2009	PIPE	AM	S	0.5	NaN	NaN	NaN	NaN	NaN	NaN	NaN	NaN	NaN	NaN	NaN	NaN	NaN	NaN	NaN	237088.075000	11350.227000	1334645.559044	1466696.000000	1546697.600000	3013393.600000	NaN	NaN	NaN	NaN	NaN	NaN	NaN	NaN	NaN	NaN	NaN
24/05/2009	RIV	AM	S	0.5	NaN	NaN	NaN	NaN	NaN	NaN	NaN	NaN	NaN	NaN	NaN	NaN	NaN	NaN	NaN	227054.541000	10416.875000	792754.321436	1108355.500000	948352.300000	2056707.800000	NaN	NaN	NaN	NaN	NaN	NaN	NaN	NaN	NaN	NaN	NaN
24/05/2009	IN_BET	AM	S	0.5	NaN	NaN	NaN	NaN	NaN	NaN	NaN	NaN	NaN	NaN	NaN	NaN	NaN	NaN	NaN	NaN	NaN	NaN	NaN	NaN	NaN	NaN	NaN	NaN	NaN	NaN	NaN	NaN	NaN	NaN	NaN	NaN
24/05/2009	CAS	AM	S	0.5	NaN	NaN	NaN	NaN	NaN	NaN	NaN	NaN	NaN	NaN	NaN	NaN	NaN	NaN	NaN	202887.391000	3783.409000	1276252.591208	1690033.800000	2098375.300000	3788409.100000	NaN	NaN	NaN	NaN	NaN	NaN	NaN	NaN	NaN	NaN	NaN
24/05/2009	KENT	AM	S	0.5	NaN	NaN	NaN	NaN	NaN	NaN	NaN	NaN	NaN	NaN	NaN	NaN	NaN	NaN	NaN	182470.316000	6650.133000	491328.959716	1273358.800000	980019.600000	2253378.400000	NaN	NaN	NaN	NaN	NaN	NaN	NaN	NaN	NaN	NaN	NaN
26/05/2009	SAL	AM	S	0.50	76.400000	28280.000000	14.980000	7.600000	0.008100	0.480000	0.035000	0.770000	0.800000	0.091000	0.071000	0.012000	2.000000	5.000000	3.000000	NaN	NaN	NaN	NaN	NaN	NaN	10.000000	67.000000	64.000000	51.000000	24.000000	306.000000	0.000000	77.000000	77.000000	77.000000	28.280000
26/05/2009	RIV	AM	S	0.50	48.200000	18240.000000	13.400000	7.190000	0.002600	0.460000	0.038000	0.770000	0.810000	0.160000	0.093000	0.022000	2.200000	6.000000	30.000000	NaN	NaN	NaN	NaN	NaN	NaN	0.000000	135.000000	13.000000	0.000000	10.000000	51.000000	0.000000	7.000000	7.000000	7.000000	18.240000
26/05/2009	CAS	AM	S	0.51	45.600000	5660.000000	14.210000	7.270000	0.002700	0.490000	0.130000	0.660000	0.790000	0.140000	0.085000	0.038000	1.900000	10.000000	340.000000	NaN	NaN	NaN	NaN	NaN	NaN	20.000000	401.000000	30.000000	30.000000	0.000000	34.000000	0.000000	10.000000	10.000000	10.000000	5.660000
26/05/2009	KEN	AM	S	0.50	45.700000	390.000000	13.260000	7.710000	0.002100	0.520000	0.130000	0.870000	1.000000	0.120000	0.100000	0.040000	1.900000	10.000000	0.000000	NaN	NaN	NaN	NaN	NaN	NaN	256.000000	13.000000	13.000000	27.000000	0.000000	20.000000	0.000000	24.000000	24.000000	24.000000	0.390000