BLA	15/12/2008	12	2008	Grab	S	0.557	NaN	216638	163453	75	96.40	2.92	5650	2311589.70	46231793.95	1138356.10	2531717.30	0.45	31.02	68.98	3670073.40
BLA	15/12/2008	12	2008	Insitu	B	15.662	16.7	110669	81268	73	94.80	4.98	1883	1359973.53	27199470.65	385007.70	766682.00	0.50	33.43	66.57	1151689.70
BLA	29/12/2008	12	2008	Grab	S	0.519	NaN	100202	66735	67	97.40	2.25	3800	1886297.06	37725941.17	753348.40	621679.10	1.21	54.79	45.21	1375027.50
BLA	29/12/2008	12	2008	Grab	B	15.500	16	60568	45034	74	98.20	1.63	950	1704149.22	34082984.31	448342.30	526677.20	0.85	45.98	54.02	975019.50
BLA	12/01/2009	01	2009	Grab	S	0.524	NaN	219621	136369	62	87.80	14.20	6650	3362531.98	67250639.65	595011.90	1586698.40	0.38	27.27	72.73	2181710.30
BLA	12/01/2009	01	2009	Grab	B	15.500	16	141053	91102	65	73.30	23.70	5667	2456195.19	49123903.79	481676.30	1318359.70	0.37	26.76	73.24	1800036.00
BLA	27/01/2009	01	2009	Grab	S	0.584	NaN	215221	146303	68	93.70	6.82	1900	2621314.09	52426281.84	551677.70	925018.50	0.60	37.36	62.64	1476696.20
BLA	27/01/2009	01	2009	Grab	B	16.500	17	141003	85652	61	92.60	8.46	917	1810125.80	36202516.04	308339.50	561677.90	0.55	35.44	64.56	870017.40
BLA	09/02/2009	02	2009	Grab	S	0.553	NaN	171153	107752	63	95.10	4.97	3800	2910300.27	58206005.43	668346.70	1045020.90	0.64	39.01	60.99	1713367.60
BLA	09/02/2009	02	2009	Grab	B	15.500	16	142236	65585	46	86.50	13.70	3783	2029890.93	40597818.61	446675.60	1065021.30	0.42	29.55	70.45	1511696.90
BLA	02/03/2009	03	2009	Grab	S	0.538	NaN	92702	56318	61	90.70	9.74	3800	1678352.90	33567057.99	298339.30	728347.90	0.41	29.06	70.94	1026687.20
BLA	02/03/2009	03	2009	Grab	B	15.500	16	100919	60701	60	88.20	12.70	4750	1746693.47	34933869.33	506676.80	631679.30	0.80	44.51	55.49	1138356.10
BLA	09/03/2009	03	2009	Grab	S	0.499	NaN	95152	27317	29	91.00	9.47	2850	1330374.27	26607485.47	225004.50	296672.60	0.76	43.13	56.87	521677.10
BLA	09/03/2009	03	2009	Grab	B	15.500	16	52784	35751	68	94.70	5.64	2833	1289759.59	25795191.89	575011.50	501676.70	1.15	53.41	46.59	1076688.20
BLA	23/03/2009	03	2009	Grab	S	0.503	NaN	68468	31084	45	82.30	18.30	1900	1442813.99	28856279.78	306672.80	475009.50	0.65	39.23	60.77	781682.30
BLA	23/03/2009	03	2009	Grab	B	16.000	16.5	57701	27084	47	82.00	18.30	1883	1309654.79	26193095.85	580011.60	680013.60	0.85	46.03	53.97	1260025.20
BLA	06/04/2009	04	2009	Grab	S	0.591	NaN	79118	42351	54	89.60	10.20	3767	1316886.00	26337720.08	278338.90	730014.60	0.38	27.60	72.40	1008353.50
BLA	06/04/2009	04	2009	Grab	B	16.000	16.5	78185	42351	54	91.50	8.62	2817	1537437.95	30748758.96	356673.80	643346.20	0.55	35.67	64.33	1000020.00
BLA	20/04/2009	04	2009	Grab	S	0.530	NaN	38567	14617	38	87.50	12.10	1900	1186799.14	23735982.71	371674.10	383341.00	0.97	49.23	50.77	755015.10
BLA	20/04/2009	04	2009	Grab	B	16.000	16.5	46734	17767	38	78.50	21.50	2833	1237005.47	24740109.46	388341.10	563344.60	0.69	40.81	59.19	951685.70
BLA	04/05/2009	05	2009	Grab	S	0.504	NaN	58968	23784	40	83.20	17.80	950	1310909.95	26218199.02	463342.60	616679.00	0.75	42.90	57.10	1080021.60
BLA	04/05/2009	05	2009	Grab	B	15.500	16	58468	25717	44	82.00	19.00	2850	1367804.22	27356084.44	530010.60	458342.50	1.16	53.63	46.37	988353.10
BLA	18/05/2009	05	2009	Grab	S	0.502	NaN	43718	11084	25	64.40	33.80	6550	1376309.33	27526186.51	820016.40	1180023.60	0.69	41.00	59.00	2000040.00
BLA	18/05/2009	05	2009	Grab	B	15.500	16	68901	15884	23	64.20	35.40	7400	1545830.65	30916612.99	1366694.00	1230024.60	1.11	52.63	47.37	2596718.60
BLA	02/06/2009	06	2009	Grab	S	0.536	NaN	29284	6383	22	80.50	18.90	7383	1228106.96	24562139.23	465009.30	815016.30	0.57	36.33	63.67	1280025.60
BLA	02/06/2009	06	2009	Grab	B	16.000	16.5	59918	11967	20	72.10	28.90	5633	1163082.26	23261645.22	601678.70	945018.90	0.64	38.90	61.10	1546697.60
BLA	15/06/2009	06	2009	Grab	S	0.000	NaN	28234	5833	21	74.90	22.30	7250	1543844.88	30876897.53	363340.60	886684.40	0.41	29.07	70.93	1250025.00
BLA	15/06/2009	06	2009	Grab	B	15.500	16	30101	6867	23	70.10	28.90	9317	1589049.31	31780986.27	563344.60	850017.00	0.66	39.86	60.14	1413361.60
BLA	30/06/2009	06	2009	Grab	S	0.449	NaN	25184	4433	18	41.50	58.80	8317	517499.95	10349999.00	508343.50	565011.30	0.90	47.36	52.64	1073354.80
BLA	30/06/2009	06	2009	Grab	B	15.500	16	25967	4933	19	45.30	54.10	6367	488781.18	9775623.51	703347.40	568344.70	1.24	55.31	44.69	1271692.10
BLA	13/07/2009	07	2009	Grab	S	0.000	NaN	77835	6650	9	52.90	47.60	9484	1931763.77	38635275.36	1501696.70	1501696.70	1.00	50.00	50.00	3003393.40
BLA	13/07/2009	07	2009	Grab	B	16.000	16.5	35767	5367	15	28.90	71.40	1867	841874.10	16837482.08	928351.90	916685.00	1.01	50.32	49.68	1845036.90
BLA	27/07/2009	07	2009	Grab	S	0.000	NaN	88952	8283	9	45.30	57.70	20950	1617318.48	32346369.58	2141709.50	1830036.60	1.17	53.92	46.08	3971746.10
BLA	27/07/2009	07	2009	Grab	B	15.500	16	17834	3567	20	40.70	60.30	1833	997850.96	19957019.13	811682.90	1010020.20	0.80	44.56	55.44	1821703.10
BLA	10/08/2009	08	2009	Grab	S	0.511	NaN	247938	9367	4	15.80	84.70	156120	2925755.58	58515111.61	17133676.00	7378480.90	2.32	69.90	30.10	24512156.90
BLA	10/08/2009	08	2009	Grab	B	15.500	16	32951	5183	16	19.90	80.40	1783	853376.60	17067532.01	4218417.70	3978412.90	1.06	51.46	48.54	8196830.60
BLA	24/08/2009	08	2009	Grab	S	0.500	NaN	181220	21534	12	42.60	59.00	15200	1812542.45	36250849.00	3583405.00	1438362.10	2.49	71.36	28.64	5021767.10
BLA	24/08/2009	08	2009	Grab	B	15.000	15.5	64318	12500	19	47.50	54.00	950	700097.40	14001948.03	1286692.40	613345.60	2.10	67.72	32.28	1900038.00
BLA	07/09/2009	09	2009	Grab	S	0.506	NaN	65985	3217	5	22.30	80.80	12217	2971372.16	59427443.19	4051747.70	3608405.50	1.12	52.89	47.11	7660153.20
BLA	07/09/2009	09	2009	Grab	B	15.000	15.5	44868	11400	25	66.70	33.30	6617	1122617.45	22452349.04	1968372.70	1921705.10	1.02	50.60	49.40	3890077.80
BLA	21/09/2009	09	2009	Grab	S	0.511	NaN	97802	7550	8	32.70	68.00	12334	1615407.64	32308152.82	586678.40	833350.00	0.70	41.31	58.69	1420028.40
BLA	21/09/2009	09	2009	Grab	B	15.500	16	196271	38284	20	33.90	66.20	5700	668812.11	13376242.19	1106688.80	811682.90	1.36	57.69	42.31	1918371.70
BLA	05/10/2009	10	2009	Grab	S	0.496	NaN	142003	4800	3	31.90	68.80	46518	4236927.80	84738556.07	4223417.80	2756721.80	1.53	60.51	39.49	6980139.60
BLA	05/10/2009	10	2009	Grab	B	15.500	16	48284	13467	28	83.90	15.70	3783	981758.70	19635174.03	1103355.40	1016687.00	1.09	52.04	47.96	2120042.40
BLA	19/10/2009	10	2009	Grab	S	0.522	NaN	138103	11167	8	72.70	27.30	17950	3276506.80	65530135.91	4606758.80	2590051.80	1.78	64.01	35.99	7196810.60
BLA	19/10/2009	10	2009	Grab	B	16.500	17	73651	34001	46	93.00	6.81	2817	1042099.97	20841999.50	1415028.30	1305026.10	1.08	52.02	47.98	2720054.40
BLA	02/11/2009	11	2009	Grab	S	0.505	NaN	84152	6517	8	32.00	67.80	11367	1954675.09	39093501.85	2606718.80	2310046.20	1.13	53.02	46.98	4916765.00
BLA	02/11/2009	11	2009	Grab	B	15.500	16	143153	24700	17	46.90	53.40	1900	532899.06	10657981.16	1056687.80	826683.20	1.28	56.11	43.89	1883371.00
BLA	16/11/2009	11	2009	Grab	S	0.495	NaN	47101	21934	47	96.80	3.42	9484	557440.22	11148804.30	433342.00	153336.40	2.83	73.86	26.14	586678.40
BLA	16/11/2009	11	2009	Grab	B	16.000	16.5	34001	16417	48	91.60	8.63	7183	651502.16	13030043.26	433342.00	153336.40	2.83	73.86	26.14	586678.40
BLA	30/11/2009	11	2009	Grab	S	0.513	NaN	121286	56118	46	97.10	2.85	9484	1682774.05	33655481.10	2581718.30	1483363.00	1.74	63.51	36.49	4065081.30
BLA	30/11/2009	11	2009	Grab	B	16.500	17	78418	34767	44	93.80	6.14	6650	1139721.33	22794426.55	2260045.20	1381694.30	1.64	62.06	37.94	3641739.50
BLA	14/12/2009	12	2009	Grab	S	0.510	NaN	109119	54668	50	97.50	2.50	7583	1961868.84	39237376.73	1453362.40	1715034.30	0.85	45.87	54.13	3168396.70
BLA	14/12/2009	12	2009	Grab	B	15.000	15.5	71801	35917	50	94.30	5.71	3800	965404.17	19308083.49	670013.40	833350.00	0.80	44.57	55.43	1503363.40
ARM	15/12/2008	12	2008	Grab	S	0.538	NaN	201254	108986	54	88.40	11.10	14234	2461384.43	49227688.53	896684.60	1615032.30	0.56	35.70	64.30	2511716.90
ARM	15/12/2008	12	2008	Grab	B	10.800	11.3	73635	43184	59	91.10	7.91	8534	1437624.75	28752495.04	1335026.70	918351.70	1.45	59.25	40.75	2253378.40
ARM	29/12/2008	12	2008	Grab	S	0.488	NaN	110452	69068	63	97.60	2.03	4750	2125376.64	42507532.80	1221691.10	838350.10	1.46	59.30	40.70	2060041.20
ARM	29/12/2008	12	2008	Grab	B	11.600	12	49434	28567	58	93.90	5.31	1900	1515500.78	30310015.52	383341.00	280005.60	1.37	57.79	42.21	663346.60
ARM	12/01/2009	01	2009	Grab	S	0.508	NaN	163520	108819	67	85.80	13.40	5683	4318737.91	86374758.13	413341.60	2051707.70	0.20	16.77	83.23	2465049.30
ARM	12/01/2009	01	2009	Grab	B	11.500	12	132286	67068	51	87.10	11.90	6583	2428731.57	48574631.47	468342.70	1198357.30	0.39	28.10	71.90	1666700.00
ARM	27/01/2009	01	2009	Grab	S	0.597	NaN	252788	134103	53	92.60	7.16	3783	5065463.51	101309270.14	1180023.60	1861703.90	0.63	38.79	61.21	3041727.50
ARM	27/01/2009	01	2009	Grab	B	12.500	13	90735	39117	43	88.00	11.00	2833	1717993.43	34359868.52	306672.80	636679.40	0.48	32.51	67.49	943352.20
ARM	09/02/2009	02	2009	Grab	S	0.527	NaN	161070	52401	33	93.90	6.23	4750	950398.47	19007969.49	1001686.70	1180023.60	0.85	45.91	54.09	2181710.30
ARM	09/02/2009	02	2009	Grab	B	11.500	12	189504	104135	55	93.90	6.23	4750	2990892.68	59817853.67	748348.30	1101688.70	0.68	40.45	59.55	1850037.00
ARM	02/03/2009	03	2009	Grab	S	0.517	NaN	118952	57768	49	86.10	14.60	1900	2500631.54	50012630.90	615012.30	1063354.60	0.58	36.64	63.36	1678366.90
ARM	02/03/2009	03	2009	Grab	B	11.500	12	105119	52518	50	85.00	15.90	1900	1877923.09	37558461.82	408341.50	750015.00	0.54	35.25	64.75	1158356.50
ARM	09/03/2009	03	2009	Grab	S	0.517	NaN	100285	45084	45	91.30	9.24	1867	2361646.17	47232923.31	471676.10	253338.40	1.86	65.06	34.94	725014.50
ARM	09/03/2009	03	2009	Grab	B	11.000	11.5	61668	32367	52	89.70	10.70	5700	1490154.07	29803081.38	596678.60	411674.90	1.45	59.17	40.83	1008353.50
ARM	23/03/2009	03	2009	Grab	S	0.542	NaN	106635	54168	51	88.20	12.50	1883	1600682.95	32013658.93	496676.60	488343.10	1.02	50.42	49.58	985019.70
ARM	23/03/2009	03	2009	Grab	B	10.500	11	82102	31634	39	85.90	14.00	933	1654935.76	33098715.29	303339.40	590011.80	0.51	33.96	66.04	893351.20
ARM	06/04/2009	04	2009	Grab	S	0.482	NaN	228238	55384	24	59.80	41.10	1900	2385100.77	47702015.35	1218357.70	1051687.70	1.16	53.67	46.33	2270045.40
ARM	06/04/2009	04	2009	Grab	B	11.500	12	559828	116286	21	42.10	60.20	4700	1984892.56	39697851.27	556677.80	790015.80	0.70	41.34	58.66	1346693.60
ARM	20/04/2009	04	2009	Grab	S	0.521	NaN	97752	48451	50	92.50	8.12	2817	2232627.12	44652542.37	671680.10	866684.00	0.78	43.66	56.34	1538364.10
ARM	20/04/2009	04	2009	Grab	B	11.500	12	78502	20867	27	79.90	20.70	2783	1730563.74	34611274.88	650013.00	428341.90	1.52	60.28	39.72	1078354.90
ARM	04/05/2009	05	2009	Grab	S	0.504	NaN	86518	38901	45	89.60	10.50	3750	2138996.05	42779920.91	788349.10	848350.30	0.93	48.17	51.83	1636699.40
ARM	04/05/2009	05	2009	Grab	B	11.500	12	84435	39717	47	91.30	9.23	1850	2371874.77	47437495.40	1061687.90	620012.40	1.71	63.13	36.87	1681700.30
ARM	18/05/2009	05	2009	Grab	S	0.507	NaN	72335	21650	30	81.30	18.60	8367	1650402.21	33008044.15	1115022.30	1365027.30	0.82	44.96	55.04	2480049.60
ARM	18/05/2009	05	2009	Grab	B	11.500	12	77852	20917	27	85.00	15.20	7367	2102596.45	42051929.02	1105022.10	1398361.30	0.79	44.14	55.86	2503383.40
ARM	02/06/2009	06	2009	Grab	S	0.585	NaN	59918	11967	20	83.00	17.60	10050	2316778.93	46335578.69	986686.40	1591698.50	0.62	38.27	61.73	2578384.90
ARM	02/06/2009	06	2009	Grab	B	12.000	12.5	56251	7233	13	55.50	46.10	4500	1705610.44	34112208.90	730014.60	1041687.50	0.70	41.20	58.80	1771702.10
ARM	15/06/2009	06	2009	Grab	S	0.506	NaN	59301	9667	16	74.70	25.50	15017	2410915.82	48218316.35	673346.80	1076688.20	0.63	38.48	61.52	1750035.00
ARM	15/06/2009	06	2009	Grab	B	11.500	12	40284	6583	16	70.60	28.60	15784	1691710.03	33834200.67	726681.20	953352.40	0.76	43.25	56.75	1680033.60
ARM	30/06/2009	06	2009	Grab	S	0.564	NaN	77785	11034	14	33.70	68.40	7583	819918.20	16398363.96	686680.40	921685.10	0.75	42.69	57.31	1608365.50
ARM	30/06/2009	06	2009	Grab	B	11.500	12	62601	9284	15	33.90	68.20	4717	661524.70	13230493.94	796682.60	886684.40	0.90	47.33	52.67	1683367.00
ARM	13/07/2009	07	2009	Grab	S	0.512	NaN	87552	5800	7	52.90	47.70	11384	2202765.59	44055311.76	1983373.00	1736701.40	1.14	53.32	46.68	3720074.40
ARM	13/07/2009	07	2009	Grab	B	11.500	12	45534	4633	10	38.10	61.50	2850	906224.39	18124487.82	1136689.40	893351.20	1.27	55.99	44.01	2030040.60
ARM	27/07/2009	07	2009	Grab	S	0.517	NaN	152586	12234	8	44.70	57.10	17434	1144835.63	22896712.59	1575031.50	1456695.80	1.08	51.95	48.05	3031727.30
ARM	27/07/2009	07	2009	Grab	B	11.500	12	73801	10650	14	36.50	65.10	NaN	1270819.82	25416396.32	1045020.90	1021687.10	1.02	50.56	49.44	2066708.00
ARM	10/08/2009	08	2009	Grab	S	0.512	NaN	324740	14700	5	21.80	79.30	154003	3303839.28	66076785.51	8993513.20	4920098.40	1.83	64.64	35.36	13913611.60
ARM	10/08/2009	08	2009	Grab	B	11.500	12	69768	10150	15	23.10	79.40	933	834493.02	16689860.46	4008413.50	3383401.00	1.18	54.23	45.77	7391814.50
ARM	24/08/2009	08	2009	Grab	S	0.516	NaN	318156	18984	6	46.90	57.20	26684	985711.51	19714230.28	788349.10	1520030.40	0.52	34.15	65.85	2308379.50
ARM	24/08/2009	08	2009	Grab	B	11.000	11.5	69218	6917	10	10.60	91.10	NaN	199439.06	3988781.11	416675.00	393341.20	1.06	51.44	48.56	810016.20
ARM	07/09/2009	09	2009	Grab	S	0.513	NaN	151503	5917	4	20.80	82.00	12250	3108802.64	62176052.83	3651739.70	3310066.20	1.10	52.45	47.55	6961805.90
ARM	07/09/2009	09	2009	Grab	B	10.000	10.5	75468	7000	9	17.50	83.00	NaN	954014.08	19080281.60	1666700.00	1606698.80	1.04	50.92	49.08	3273398.80
ARM	21/09/2009	09	2009	Grab	S	0.513	NaN	143953	9350	6	13.70	87.90	13267	2336543.00	46730859.93	701680.70	968352.70	0.72	42.02	57.98	1670033.40
ARM	21/09/2009	09	2009	Grab	B	11.500	12	67035	6283	9	33.20	69.00	NaN	668568.57	13371371.42	1233358.00	693347.20	1.78	64.01	35.99	1926705.20
ARM	05/10/2009	10	2009	Grab	S	0.488	NaN	165203	5367	3	13.40	87.60	42751	4492736.59	89854731.73	2563384.60	2783389.00	0.92	47.94	52.06	5346773.60
ARM	05/10/2009	10	2009	Grab	B	12.000	12.5	64935	9367	14	31.50	69.20	NaN	788895.18	15777903.55	563344.60	665013.30	0.85	45.86	54.14	1228357.90
ARM	19/10/2009	10	2009	Grab	S	0.530	NaN	224204	25734	11	56.50	45.20	23617	5078652.04	101573040.75	3090061.80	3035060.70	1.02	50.45	49.55	6125122.50
ARM	19/10/2009	10	2009	Grab	B	11.500	12	85535	11650	14	38.50	63.10	1883	502194.51	10043890.21	623345.80	455009.10	1.37	57.81	42.19	1078354.90
ARM	02/11/2009	11	2009	Grab	S	0.509	NaN	136769	9317	7	17.40	84.10	13267	2218839.11	44376782.18	3340066.80	1700034.00	1.96	66.27	33.73	5040100.80
ARM	02/11/2009	11	2009	Grab	B	11.000	11.5	80768	9500	12	27.40	74.00	NaN	671041.42	13420828.41	1056687.80	826683.20	1.28	56.11	43.89	1883371.00
ARM	16/11/2009	11	2009	Grab	S	0.526	NaN	50684	19800	39	95.30	4.88	14250	516357.19	10327143.87	1738368.10	400008.00	4.35	81.29	18.71	2138376.10
ARM	16/11/2009	11	2009	Grab	B	11.500	12	53101	23134	44	91.50	8.93	16034	811675.37	16233507.33	1738368.10	400008.00	4.35	81.29	18.71	2138376.10
ARM	30/11/2009	11	2009	Grab	S	0.510	NaN	139986	43668	31	96.50	3.70	9500	1921235.42	38424708.48	3386734.40	1636699.40	2.07	67.42	32.58	5023433.80
ARM	30/11/2009	11	2009	Grab	B	12.000	12.5	101102	26751	26	66.20	34.70	6500	1082208.84	21644176.87	1143356.20	1115022.30	1.03	50.63	49.37	2258378.50
ARM	14/12/2009	12	2009	Grab	S	0.526	NaN	211938	110786	52	97.90	2.06	9500	3308391.57	66167831.33	1321693.10	2476716.20	0.53	34.80	65.20	3798409.30
ARM	14/12/2009	12	2009	Grab	B	11.500	12	74168	20900	28	77.50	22.80	8283	1152291.65	23045832.91	720014.40	1136689.40	0.63	38.78	61.22	1856703.80
NAR	15/12/2008	12	2008	Grab	S	0.573	NaN	240371	89935	37	87.60	12.10	13300	4516472.19	90329443.89	933352.00	2531717.30	0.37	26.94	73.06	3465069.30
NAR	15/12/2008	12	2008	Grab	B	4.100	4.6	265705	131253	49	86.10	13.80	2850	3888162.36	77763247.23	1796702.60	2303379.40	0.78	43.82	56.18	4100082.00
NAR	29/12/2008	12	2008	Grab	S	0.503	NaN	251422	64135	26	87.90	11.60	8550	4583857.34	91677146.84	2966726.00	1681700.30	1.76	63.82	36.18	4648426.30
NAR	29/12/2008	12	2008	Grab	B	3.500	4	219154	80718	37	86.80	12.80	8550	3516560.53	70331210.60	2095041.90	1163356.60	1.80	64.30	35.70	3258398.50
NAR	12/01/2009	01	2009	Grab	S	0.513	NaN	336040	56418	17	61.40	36.90	15200	7636084.19	152721683.71	1173356.80	3456735.80	0.34	25.34	74.66	4630092.60
NAR	12/01/2009	01	2009	Grab	B	3.800	4.3	357940	83902	23	60.90	40.80	16150	5790064.60	115801291.98	693347.20	2993393.20	0.23	18.81	81.19	3686740.40
NAR	27/01/2009	01	2009	Grab	S	0.535	NaN	491226	103519	21	72.40	29.20	1900	8904150.15	178083002.92	2053374.40	4465089.30	0.46	31.50	68.50	6518463.70
NAR	27/01/2009	01	2009	Grab	B	4.000	4.5	726315	173153	24	64.30	36.90	2850	6539918.73	130798374.58	1088355.10	2751721.70	0.40	28.34	71.66	3840076.80
NAR	09/02/2009	02	2009	Grab	S	0.511	NaN	494327	58134	12	32.20	69.50	6650	4497251.41	89945028.20	3138396.10	2901724.70	1.08	51.96	48.04	6040120.80
NAR	09/02/2009	02	2009	Grab	B	3.300	3.8	419358	50868	12	36.50	65.30	11400	4739852.93	94797058.57	3068394.70	2793389.20	1.10	52.35	47.65	5861783.90
NAR	02/03/2009	03	2009	Grab	S	0.509	NaN	172020	33334	19	53.20	48.40	2833	4924548.56	98490971.11	1201690.70	1623365.80	0.74	42.54	57.46	2825056.50
NAR	02/03/2009	03	2009	Grab	B	3.500	4	336140	78635	23	41.10	60.20	2817	3803748.27	76074965.47	913351.60	1466696.00	0.62	38.38	61.62	2380047.60
NAR	09/03/2009	03	2009	Grab	S	0.507	NaN	440409	81135	18	42.70	58.80	1900	3705077.83	74101556.67	615012.30	1075021.50	0.57	36.39	63.61	1690033.80
NAR	09/03/2009	03	2009	Grab	B	4.000	4.5	269322	60535	22	69.80	31.10	17067	4853416.67	97068333.33	2556717.80	1276692.20	2.00	66.70	33.30	3833410.00
NAR	23/03/2009	03	2009	Grab	S	0.575	NaN	219988	77835	35	74.60	26.30	3783	4856526.46	97130529.24	1821703.10	1951705.70	0.93	48.28	51.72	3773408.80
NAR	23/03/2009	03	2009	Grab	B	4.000	4.5	237138	72951	31	65.10	36.00	933	2619909.06	52398181.28	1233358.00	960019.20	1.28	56.23	43.77	2193377.20
NAR	06/04/2009	04	2009	Grab	S	0.513	NaN	93535	12400	13	17.50	82.90	1900	4295882.78	85917655.65	1246691.60	1561697.90	0.80	44.39	55.61	2808389.50
NAR	06/04/2009	04	2009	Grab	B	4.000	4.5	152686	25517	17	19.50	81.80	1900	2981694.43	59633888.65	1316693.00	1340026.80	0.98	49.56	50.44	2656719.80
NAR	20/04/2009	04	2009	Grab	S	0.512	NaN	159403	39751	25	75.00	25.80	5667	4485018.30	89700365.97	1561697.90	1683367.00	0.93	48.13	51.87	3245064.90
NAR	20/04/2009	04	2009	Grab	B	4.000	4.5	281872	57284	20	53.00	48.40	2850	2529874.86	50597497.26	958352.50	730014.60	1.31	56.76	43.24	1688367.10
NAR	04/05/2009	05	2009	Grab	S	0.516	NaN	168287	33201	20	57.20	44.00	1900	2826448.19	56528963.89	1036687.40	1033354.00	1.00	50.08	49.92	2070041.40
NAR	04/05/2009	05	2009	Grab	B	4.000	4.5	371691	62035	17	41.30	60.30	950	2926055.32	58521106.40	1190023.80	876684.20	1.36	57.58	42.42	2066708.00
NAR	18/05/2009	05	2009	Grab	S	0.501	NaN	244688	56468	23	57.70	43.50	11167	3659479.99	73189599.76	1620032.40	2656719.80	0.61	37.88	62.12	4276752.20
NAR	18/05/2009	05	2009	Grab	B	3.800	4.3	190820	29801	16	84.20	16.60	10184	3963865.28	79277305.51	1893371.20	3046727.60	0.62	38.33	61.67	4940098.80
NAR	02/06/2009	06	2009	Grab	S	0.565	NaN	106485	13634	13	53.10	47.90	9384	3551161.69	71023233.77	1248358.30	1965039.30	0.64	38.85	61.15	3213397.60
NAR	02/06/2009	06	2009	Grab	B	4.300	4.8	337390	44118	13	33.00	68.50	10184	1986840.87	39736817.39	693347.20	1436695.40	0.48	32.55	67.45	2130042.60
NAR	15/06/2009	06	2009	Grab	S	0.500	NaN	68251	8233	12	35.20	66.40	12317	2902169.84	58043396.84	1120022.40	1353360.40	0.83	45.28	54.72	2473382.80
NAR	15/06/2009	06	2009	Grab	B	4.000	4.5	130186	18934	15	35.10	65.90	7483	1743546.20	34870924.07	1196690.60	1451695.70	0.82	45.19	54.81	2648386.30
NAR	30/06/2009	06	2009	Grab	S	0.494	NaN	170587	36201	21	21.80	79.90	3800	1327433.08	26548661.63	1000020.00	1291692.50	0.77	43.64	56.36	2291712.50
NAR	30/06/2009	06	2009	Grab	B	4.000	4.5	273789	42701	16	19.80	83.30	3800	588369.57	11767391.34	970019.40	1020020.40	0.95	48.74	51.26	1990039.80
NAR	13/07/2009	07	2009	Grab	S	0.514	NaN	87102	11250	13	51.40	51.60	10350	1777791.42	35555828.44	2151709.70	2131709.30	1.01	50.23	49.77	4283419.00
NAR	13/07/2009	07	2009	Grab	B	4.100	4.5	252588	27784	11	19.70	82.00	6483	1221306.63	24426132.51	1451695.70	1113355.60	1.30	56.60	43.40	2565051.30
NAR	27/07/2009	07	2009	Grab	S	0.509	NaN	243172	33051	14	45.20	58.50	6617	733124.93	14662498.58	1531697.30	1196690.60	1.28	56.14	43.86	2728387.90
NAR	27/07/2009	07	2009	Grab	B	4.000	4.5	294339	35401	12	18.30	84.60	1800	1416530.60	28330611.93	1106688.80	1083355.00	1.02	50.53	49.47	2190043.80
NAR	10/08/2009	08	2009	Grab	S	0.554	NaN	248422	19400	8	17.40	83.50	39067	3192504.85	63850096.98	11305226.10	4441755.50	2.55	71.79	28.21	15746981.60
NAR	10/08/2009	08	2009	Grab	B	4.500	5	446292	58968	13	14.00	88.00	1900	1599746.26	31994925.22	6300126.00	3941745.50	1.60	61.51	38.49	10241871.50
NAR	24/08/2009	08	2009	Grab	S	0.511	NaN	218354	24634	11	21.20	82.40	2700	740768.28	14815365.63	733348.00	1680033.60	0.44	30.39	69.61	2413381.60
NAR	24/08/2009	08	2009	Grab	B	4.000	4.5	378341	27384	7	21.00	81.00	4733	383272.93	7665458.64	916685.00	713347.60	1.29	56.24	43.76	1630032.60
NAR	07/09/2009	09	2009	Grab	S	0.512	NaN	244822	19367	8	21.20	82.40	6267	1966514.80	39330295.92	2746721.60	2130042.60	1.29	56.32	43.68	4876764.20
NAR	07/09/2009	09	2009	Grab	B	3.800	4.3	140369	10234	7	10.60	92.00	950	1823033.33	36460666.53	1845036.90	1886704.40	0.98	49.44	50.56	3731741.30
NAR	21/09/2009	09	2009	Grab	S	0.506	NaN	394308	35817	9	9.73	92.60	9417	1649840.20	32996803.92	1020020.40	63334.60	16.11	94.15	5.85	1083355.00
NAR	21/09/2009	09	2009	Grab	B	4.000	4.5	475893	45001	9	7.48	93.70	5683	1716138.79	34322775.78	1036687.40	41667.50	24.88	96.14	3.86	1078354.90
NAR	05/10/2009	10	2009	Grab	S	0.499	NaN	270989	13967	5	10.10	91.50	33167	4629961.00	92599219.95	1841703.50	2255045.10	0.82	44.96	55.04	4096748.60
NAR	05/10/2009	10	2009	Grab	B	3.500	4	102169	7283	7	13.70	87.00	2850	1678240.50	33564809.95	963352.60	1408361.50	0.68	40.62	59.38	2371714.10
NAR	19/10/2009	10	2009	Grab	S	0.531	NaN	307606	16484	5	27.50	74.60	16084	4033779.47	80675589.48	1990039.80	2381714.30	0.84	45.52	54.48	4371754.10
NAR	19/10/2009	10	2009	Grab	B	3.800	4.3	414692	36834	9	47.90	55.30	18967	4349929.53	86998590.60	1918371.70	3011726.90	0.64	38.91	61.09	4930098.60
NAR	02/11/2009	11	2009	Grab	S	0.508	NaN	588512	51134	9	32.00	70.40	23734	5089105.45	101782108.93	3598405.30	3048394.30	1.18	54.14	45.86	6646799.60
NAR	02/11/2009	11	2009	Grab	B	3.500	4	455426	57651	13	38.30	63.50	11367	2211514.23	44230284.59	1670033.40	1310026.20	1.27	56.04	43.96	2980059.60
NAR	16/11/2009	11	2009	Grab	S	0.515	NaN	186004	75302	40	94.90	5.38	18984	5990365.40	119807308.10	660013.20	43334.20	15.23	93.84	6.16	703347.40
NAR	16/11/2009	11	2009	Grab	B	4.000	4.5	178154	59068	33	84.90	15.50	22750	2302803.59	46056071.77	305006.10	35000.70	8.71	89.71	10.29	340006.80
NAR	30/11/2009	11	2009	Grab	S	0.520	NaN	213238	28934	14	89.70	11.00	13300	2829932.66	56598653.28	3051727.70	2401714.70	1.27	55.96	44.04	5453442.40
NAR	30/11/2009	11	2009	Grab	B	3.500	4	344390	57834	17	67.20	33.20	20850	1806266.66	36125333.16	2248378.30	1815036.30	1.24	55.33	44.67	4063414.60
NAR	14/12/2009	12	2009	Grab	S	0.532	NaN	360857	92719	26	93.70	6.71	21850	7232541.38	144650827.63	1366694.00	5495109.90	0.25	19.92	80.08	6861803.90
NAR	14/12/2009	12	2009	Grab	B	4.000	4.5	565778	152153	27	72.30	28.40	22684	2999041.85	59980836.93	1020020.40	2148376.30	0.47	32.19	67.81	3168396.70
STJ	15/12/2008	12	2008	Grab	S	0.602	NaN	327707	23084	7	32.50	66.90	17984	9220543.74	184410874.81	2761721.90	3900078.00	0.71	41.46	58.54	6661799.90
STJ	15/12/2008	12	2008	Grab	B	4.000	4.5	512210	54051	11	59.90	39.50	8550	7332129.77	146642595.46	2451715.70	3283399.00	0.75	42.75	57.25	5735114.70
STJ	29/12/2008	12	2008	Grab	S	0.513	NaN	228588	16450	7	13.10	85.60	14234	5707261.61	114145232.19	1725034.50	2253378.40	0.77	43.36	56.64	3978412.90
STJ	29/12/2008	12	2008	Grab	B	3.500	4	865301	88468	10	32.70	66.40	9500	7201967.97	144039359.40	4043414.20	2411714.90	1.68	62.64	37.36	6455129.10
STJ	12/01/2009	01	2009	Grab	S	0.525	NaN	295239	25601	9	26.80	71.90	13300	7992661.58	159853231.67	1593365.20	3928411.90	0.41	28.86	71.14	5521777.10
STJ	12/01/2009	01	2009	Grab	B	3.800	4.3	370307	48918	13	19.30	80.20	6650	10368582.83	207371656.68	1515030.30	5118435.70	0.30	22.84	77.16	6633466.00
STJ	27/01/2009	01	2009	Grab	S	0.513	NaN	347590	26267	8	31.00	71.80	19934	7167910.09	143358201.77	4315086.30	3541737.50	1.22	54.92	45.08	7856823.80
STJ	27/01/2009	01	2009	Grab	B	3.700	4.2	534094	60768	11	42.10	59.80	44618	9744225.81	194884516.28	4351753.70	5890117.80	0.74	42.49	57.51	10241871.50
STJ	09/02/2009	02	2009	Grab	S	0.489	NaN	591562	57718	10	14.90	86.40	14250	7497436.01	149948720.25	6743468.20	4430088.60	1.52	60.35	39.65	11173556.80
STJ	09/02/2009	02	2009	Grab	B	3.400	4	577695	42468	7	43.70	58.20	9484	7904950.36	158099007.25	6925138.50	4658426.50	1.49	59.78	40.22	11583565.00
STJ	02/03/2009	03	2009	Grab	S	0.506	NaN	119052	11350	10	16.60	85.00	3800	7990806.95	159816138.93	4488423.10	3676740.20	1.22	54.97	45.03	8165163.30
STJ	02/03/2009	03	2009	Grab	B	3.500	4	255538	35484	14	14.00	87.70	4750	6288381.23	125767624.64	2306712.80	2300046.00	1.00	50.07	49.93	4606758.80
STJ	09/03/2009	03	2009	Grab	S	0.512	NaN	206787	11417	6	23.20	77.50	5683	8781388.16	175627763.15	4348420.30	2145042.90	2.03	66.97	33.03	6493463.20
STJ	09/03/2009	03	2009	Grab	B	4.000	4.5	171253	29417	17	33.40	67.40	30351	8303453.80	166069075.98	4795095.90	2353380.40	2.04	67.08	32.92	7148476.30
STJ	23/03/2009	03	2009	Grab	S	0.737	NaN	144520	10017	7	37.80	63.60	11400	6899905.66	137998113.24	4103415.40	4538424.10	0.90	47.48	52.52	8641839.50
STJ	23/03/2009	03	2009	Grab	B	4.000	4.5	145803	26701	18	49.90	51.10	3800	6166555.93	123331118.57	2025040.50	4030080.60	0.50	33.44	66.56	6055121.10
STJ	06/04/2009	04	2009	Grab	S	0.505	NaN	470359	26001	6	23.10	78.60	3800	6928024.96	138560499.15	4005080.10	5281772.30	0.76	43.13	56.87	9286852.40
STJ	06/04/2009	04	2009	Grab	B	4.000	4.5	465193	24500	5	15.80	85.40	2800	6376148.65	127522973.08	4818429.70	4201750.70	1.15	53.42	46.58	9020180.40
STJ	20/04/2009	04	2009	Grab	S	0.511	NaN	59501	3767	6	29.60	70.40	3800	6672928.06	133458561.12	4428421.90	3928411.90	1.13	52.99	47.01	8356833.80
STJ	20/04/2009	04	2009	Grab	B	4.100	4.6	41251	4167	10	60.80	39.60	2750	5869907.66	117398153.25	1681700.30	2380047.60	0.71	41.40	58.60	4061747.90
STJ	04/05/2009	05	2009	Grab	S	0.500	NaN	166737	4667	3	21.80	80.00	5667	6220527.74	124410554.83	2381714.30	3355067.10	0.71	41.52	58.48	5736781.40
STJ	04/05/2009	05	2009	Grab	B	4.000	4.5	67585	6317	9	31.40	70.40	1900	5816629.00	116332579.94	2400048.00	1393361.20	1.72	63.27	36.73	3793409.20
STJ	18/05/2009	05	2009	Grab	S	0.499	NaN	152520	7800	5	35.90	65.20	19484	6058462.43	121169248.67	3185063.70	3943412.20	0.81	44.68	55.32	7128475.90
STJ	18/05/2009	05	2009	Grab	B	3.700	4.2	82018	8700	11	25.70	75.70	11834	6053872.68	121077453.50	2421715.10	3660073.20	0.66	39.82	60.18	6081788.30
STJ	02/06/2009	06	2009	Grab	S	0.613	NaN	148403	10067	7	35.20	66.70	17817	4961791.17	99235823.34	2058374.50	3248398.30	0.63	38.79	61.21	5306772.80
STJ	02/06/2009	06	2009	Grab	B	4.300	4.8	75068	9100	12	30.30	71.00	10034	4997272.81	99945456.20	1271692.10	3073394.80	0.41	29.27	70.73	4345086.90
STJ	15/06/2009	06	2009	Grab	S	0.502	NaN	93019	4850	5	17.20	86.30	12317	3341194.29	66823885.78	1683367.00	1508363.50	1.12	52.74	47.26	3191730.50
STJ	15/06/2009	06	2009	Grab	B	4.000	4.5	65585	9634	15	15.40	86.20	9484	3072122.04	61442440.82	1628365.90	1601698.70	1.02	50.41	49.59	3230064.60
STJ	30/06/2009	06	2009	Grab	S	0.482	NaN	103819	17467	17	14.40	87.80	3767	1769642.26	35392845.18	1290025.80	1040020.80	1.24	55.36	44.64	2330046.60
STJ	30/06/2009	06	2009	Grab	B	4.500	5	130919	24134	18	39.40	65.00	1883	1283689.87	25673797.47	1243358.20	1790035.80	0.69	40.99	59.01	3033394.00
STJ	13/07/2009	07	2009	Grab	S	0.504	NaN	127286	13417	11	41.40	61.70	3783	766395.99	15327919.89	1853370.40	1138356.10	1.63	61.95	38.05	2991726.50
STJ	13/07/2009	07	2009	Grab	B	4.500	5	113486	16200	14	14.50	87.40	1900	2346378.19	46927563.87	2008373.50	1620032.40	1.24	55.35	44.65	3628405.90
STJ	27/07/2009	07	2009	Grab	S	0.497	NaN	158520	17750	11	40.70	61.60	4750	785410.71	15708214.16	1076688.20	920018.40	1.17	53.92	46.08	1996706.60
STJ	27/07/2009	07	2009	Grab	B	4.000	4.4	298873	94719	32	51.10	53.40	4733	799442.26	15988845.10	1480029.60	1221691.10	1.21	54.78	45.22	2701720.70
STJ	10/08/2009	08	2009	Grab	S	0.520	NaN	111969	10417	9	18.20	83.50	1733	1825974.52	36519490.38	8278498.90	4391754.50	1.89	65.34	34.66	12670253.40
STJ	10/08/2009	08	2009	Grab	B	4.000	4.5	106169	9050	9	19.70	82.90	4683	1879890.13	37597802.61	9625192.50	4458422.50	2.16	68.34	31.66	14083615.00
STJ	24/08/2009	08	2009	Grab	S	0.513	NaN	238821	36884	15	26.80	76.00	900	449178.12	8983562.33	453342.40	1100022.00	0.41	29.18	70.82	1553364.40
STJ	24/08/2009	08	2009	Grab	B	5.000	4.5	238788	40817	17	27.40	75.40	1800	399889.73	7997794.62	556677.80	1061687.90	0.52	34.40	65.60	1618365.70
STJ	07/09/2009	09	2009	Grab	S	0.500	NaN	95935	9900	10	24.10	78.80	917	1442664.12	28853282.39	2023373.80	1733368.00	1.17	53.86	46.14	3756741.80
STJ	07/09/2009	09	2009	Grab	B	4.000	4.5	133719	16767	13	19.90	83.10	NaN	1436182.26	28723645.13	1790035.80	1600032.00	1.12	52.80	47.20	3390067.80
STJ	21/09/2009	09	2009	Grab	S	0.544	NaN	151870	19134	13	18.30	84.60	933	1434027.88	28680557.60	2000040.00	355007.10	5.63	84.93	15.07	2355047.10
STJ	21/09/2009	09	2009	Grab	B	3.600	4.1	240088	31784	13	17.70	84.60	933	1327807.76	26556155.11	725014.50	25000.50	29.00	96.67	3.33	750015.00
STJ	05/10/2009	10	2009	Grab	S	0.507	NaN	136519	13567	10	29.00	73.20	2767	1870392.14	37407842.81	1213357.60	711680.90	1.70	63.03	36.97	1925038.50
STJ	05/10/2009	10	2009	Grab	B	3.800	4.3	179737	20717	12	20.40	82.30	950	1669641.73	33392834.51	1096688.60	1030020.60	1.06	51.57	48.43	2126709.20
STJ	19/10/2009	10	2009	Grab	S	0.496	NaN	291189	22767	8	16.50	86.60	11467	3425252.44	68505048.74	933352.00	1335026.70	0.70	41.15	58.85	2268378.70
STJ	19/10/2009	10	2009	Grab	B	4.000	4.4	151803	10334	7	21.00	79.80	4733	5069828.46	101396569.22	1178356.90	3415068.30	0.35	25.65	74.35	4593425.20
STJ	02/11/2009	11	2009	Grab	S	0.533	NaN	196037	13950	7	20.10	82.10	8484	6912232.44	138244648.84	3308399.50	1841703.50	1.80	64.24	35.76	5150103.00
STJ	02/11/2009	11	2009	Grab	B	3.500	4	438275	37101	8	14.20	87.70	12334	6495894.52	129917890.31	3920078.40	1920038.40	2.04	67.12	32.88	5840116.80
STJ	16/11/2009	11	2009	Grab	S	0.517	NaN	110052	9167	8	57.30	47.60	8550	7837078.14	156741562.77	688347.10	51667.70	13.32	93.02	6.98	740014.80
STJ	16/11/2009	11	2009	Grab	B	4.500	5	78335	10500	13	78.10	22.90	8500	5533225.46	110664509.25	383341.00	15000.30	25.56	96.23	3.77	398341.30
STJ	30/11/2009	11	2009	Grab	S	0.524	NaN	581412	17117	3	41.00	60.40	28251	8440528.34	168810566.81	5770115.40	6028453.90	0.96	48.91	51.09	11798569.30
STJ	30/11/2009	11	2009	Grab	B	4.300	4.6	328057	22200	7	41.70	59.60	10434	4802610.85	96052217.01	3613405.60	4005080.10	0.90	47.43	52.57	7618485.70
STJ	14/12/2009	12	2009	Grab	S	0.466	NaN	342524	21884	6	45.80	55.60	18934	10282482.71	205649654.24	3650073.00	2710054.20	1.35	57.39	42.61	6360127.20
STJ	14/12/2009	12	2009	Grab	B	4.000	4.5	789566	91152	12	46.20	54.60	25467	7114949.90	142298997.92	3675073.50	3708407.50	0.99	49.77	50.23	7383481.00
KIN	15/12/2008	12	2008	Grab	S	0.563	NaN	180620	34734	19	11.20	87.40	9417	6315376.51	126307530.10	1995039.90	2668386.70	0.75	42.78	57.22	4663426.60
KIN	15/12/2008	12	2008	Grab	B	4.400	4.9	644246	111202	17	12.90	84.90	7550	7594083.21	151881664.24	1006686.80	1166690.00	0.86	46.32	53.68	2173376.80
KIN	29/12/2008	12	2008	Grab	S	0.501	NaN	159770	41684	26	60.80	37.40	11117	2943683.74	58873674.78	1355027.10	1141689.50	1.19	54.27	45.73	2496716.60
KIN	29/12/2008	12	2008	Grab	B	4.500	5	222788	35234	16	21.30	76.90	6650	2319870.00	46397399.93	1043354.20	1098355.30	0.95	48.72	51.28	2141709.50
KIN	12/01/2009	01	2009	Grab	S	0.505	NaN	290956	70485	24	19.70	78.70	5700	6406422.33	128128446.52	2045040.90	2596718.60	0.79	44.06	55.94	4641759.50
KIN	12/01/2009	01	2009	Grab	B	4.000	4.5	203671	35984	18	20.70	77.40	3800	6012246.38	120244927.52	2360047.20	2931725.30	0.81	44.60	55.40	5291772.50
KIN	27/01/2009	01	2009	Grab	S	0.512	NaN	533311	98085	18	26.40	76.10	52251	7276003.58	145520071.68	4370087.40	2915058.30	1.50	59.99	40.01	7285145.70
KIN	27/01/2009	01	2009	Grab	B	4.100	4.6	747932	112819	15	18.20	83.90	52251	5199952.80	103999055.94	4236751.40	2278378.90	1.86	65.03	34.97	6515130.30
KIN	09/02/2009	02	2009	Grab	S	0.505	NaN	485843	61085	13	17.10	84.10	76885	6624913.56	132498271.25	2806722.80	2788389.10	1.01	50.16	49.84	5595111.90
KIN	09/02/2009	02	2009	Grab	B	4.000	4.5	458859	35884	8	18.10	84.00	36101	3562645.45	71252909.03	2748388.30	2548384.30	1.08	51.89	48.11	5296772.60
KIN	02/03/2009	03	2009	Grab	S	0.513	NaN	638096	82885	13	27.50	75.20	30384	4857069.74	97141394.79	6101788.70	2760055.20	2.21	68.85	31.15	8861843.90
KIN	02/03/2009	03	2009	Grab	B	5.000	5.5	297023	33867	11	15.90	86.70	11400	4942532.92	98850658.31	5063434.60	2381714.30	2.13	68.01	31.99	7445148.90
KIN	09/03/2009	03	2009	Grab	S	0.515	NaN	290356	18167	6	18.10	84.10	12350	5267544.02	105350880.31	4560091.20	3193397.20	1.43	58.81	41.19	7753488.40
KIN	09/03/2009	03	2009	Grab	B	4.800	5.3	163720	18850	12	31.00	66.30	18984	5114002.54	102280050.89	3145062.90	3320066.40	0.95	48.65	51.35	6465129.30
KIN	23/03/2009	03	2009	Grab	S	0.506	NaN	374507	24000	6	17.20	85.30	19950	5260837.35	105216746.96	5358440.50	3413401.60	1.57	61.09	38.91	8771842.10
KIN	23/03/2009	03	2009	Grab	B	4.700	5.2	309473	16017	5	19.50	81.80	16134	5446750.67	108935013.32	4268418.70	3136729.40	1.36	57.64	42.36	7405148.10
KIN	06/04/2009	04	2009	Grab	S	0.501	NaN	351157	23117	7	21.60	82.00	72201	5949450.99	118989019.73	8746841.60	3696740.60	2.37	70.29	29.71	12443582.20
KIN	06/04/2009	04	2009	Grab	B	4.700	5.2	427909	23284	5	14.80	87.50	26601	5299428.79	105988575.73	8096828.60	3133396.00	2.58	72.10	27.90	11230224.60
KIN	20/04/2009	04	2009	Grab	S	0.504	NaN	118519	11367	10	32.00	72.10	3800	5450029.07	109000581.30	4445088.90	2743388.20	1.62	61.84	38.16	7188477.10
KIN	20/04/2009	04	2009	Grab	B	4.700	5.2	121002	13084	11	10.80	90.40	5583	4273720.81	85474416.12	3776742.20	2511716.90	1.50	60.06	39.94	6288459.10
KIN	04/05/2009	05	2009	Grab	S	0.517	NaN	170870	6067	4	12.40	89.80	24634	5211380.36	104227607.18	4535090.70	4015080.30	1.13	53.04	46.96	8550171.00
KIN	04/05/2009	05	2009	Grab	B	4.500	5	107219	3533	3	17.00	85.40	13217	5441542.70	108830853.91	975019.50	3830076.60	0.25	20.29	79.71	4805096.10
KIN	18/05/2009	05	2009	Grab	S	0.504	NaN	562911	6883	1	11.10	89.60	26234	4625427.44	92508548.80	2056707.80	2605052.10	0.79	44.12	55.88	4661759.90
KIN	18/05/2009	05	2009	Grab	B	5.000	5.5	53384	1800	3	17.60	84.30	14734	4734232.82	94684656.32	1940038.80	1050021.00	1.85	64.88	35.12	2990059.80
KIN	02/06/2009	06	2009	Grab	S	0.512	NaN	141019	13584	10	31.60	70.70	21667	4782790.59	95655811.74	2098375.30	2935058.70	0.71	41.69	58.31	5033434.00
KIN	02/06/2009	06	2009	Grab	B	4.600	5.3	49834	3183	6	15.20	86.80	12484	4310963.42	86219268.35	2048374.30	2811722.90	0.73	42.15	57.85	4860097.20
KIN	15/06/2009	06	2009	Grab	S	0.506	NaN	121052	5733	5	23.80	79.70	43634	4541313.09	90826261.82	1676700.20	2211710.90	0.76	43.12	56.88	3888411.10
KIN	15/06/2009	06	2009	Grab	B	4.500	5	54868	5067	9	7.89	92.40	7433	3423285.40	68465707.95	393341.20	811682.90	0.48	32.64	67.36	1205024.10
KIN	30/06/2009	06	2009	Grab	S	0.499	NaN	86018	9250	11	10.10	92.30	1900	673045.93	13460918.55	306672.80	118335.70	2.59	72.16	27.84	425008.50
KIN	30/06/2009	06	2009	Grab	B	4.000	4.5	100485	21834	22	35.40	69.30	950	2036972.27	40739445.44	1751701.70	1476696.20	1.19	54.26	45.74	3228397.90
KIN	13/07/2009	07	2009	Grab	S	0.504	NaN	123386	9067	7	28.30	75.00	5667	911001.49	18220029.73	2993393.20	1888371.10	1.59	61.32	38.68	4881764.30
KIN	13/07/2009	07	2009	Grab	B	5.000	5.5	183104	17500	10	20.90	82.30	6617	1110684.08	22213681.60	3153396.40	1650033.00	1.91	65.65	34.35	4803429.40
KIN	27/07/2009	07	2009	Grab	S	0.501	NaN	120236	19167	16	69.60	33.20	3783	1048319.57	20966391.32	1035020.70	983353.00	1.05	51.28	48.72	2018373.70
KIN	27/07/2009	07	2009	Grab	B	4.500	5	155286	24817	16	71.80	31.10	5667	918345.10	18366902.00	1075021.50	1123355.80	0.96	48.90	51.10	2198377.30
KIN	10/08/2009	08	2009	Grab	S	0.499	NaN	95852	9567	10	13.90	89.00	1883	1875244.17	37504883.42	8656839.80	5341773.50	1.62	61.84	38.16	13998613.30
KIN	10/08/2009	08	2009	Grab	B	4.500	5	206221	28067	14	15.80	87.10	950	1576366.59	31527331.87	7785155.70	5445108.90	1.43	58.84	41.16	13230264.60
KIN	24/08/2009	08	2009	Grab	S	0.535	NaN	252272	36017	14	21.00	82.40	1767	300039.07	6000781.35	488343.10	756681.80	0.65	39.22	60.78	1245024.90
KIN	24/08/2009	08	2009	Grab	B	4.500	5	310440	50768	16	27.80	75.10	1817	354516.69	7090333.80	568344.70	771682.10	0.74	42.41	57.59	1340026.80
KIN	07/09/2009	09	2009	Grab	S	0.493	NaN	94019	9517	10	13.70	89.30	917	1038802.84	20776056.85	1813369.60	1515030.30	1.20	54.48	45.52	3328399.90
KIN	07/09/2009	09	2009	Grab	B	3.800	4.3	127669	15850	12	15.10	87.00	933	1097514.28	21950285.66	1613365.60	1428361.90	1.13	53.04	46.96	3041727.50
KIN	21/09/2009	09	2009	Grab	S	0.478	NaN	119886	10600	9	11.80	90.70	917	1047101.87	20942037.50	690013.80	43334.20	15.92	94.09	5.91	733348.00
KIN	21/09/2009	09	2009	Grab	B	5.000	5.5	127636	14967	12	15.60	87.20	917	1011938.71	20238774.10	418341.70	45000.90	9.30	90.29	9.71	463342.60
KIN	05/10/2009	10	2009	Grab	S	0.528	NaN	109152	6983	6	23.20	80.70	950	1954450.29	39089005.76	958352.50	1195023.90	0.80	44.50	55.50	2153376.40
KIN	05/10/2009	10	2009	Grab	B	4.500	5	411642	48001	12	14.60	88.40	950	1643901.61	32878032.21	883351.00	1076688.20	0.82	45.07	54.93	1960039.20
KIN	19/10/2009	10	2009	Grab	S	0.503	NaN	247688	23250	9	17.10	85.40	13650	1861624.77	37232495.30	890017.80	776682.20	1.15	53.40	46.60	1666700.00
KIN	19/10/2009	10	2009	Grab	B	4.800	5.3	215354	19250	9	16.80	86.40	5617	1996957.07	39939141.43	818349.70	381674.30	2.14	68.19	31.81	1200024.00
KIN	02/11/2009	11	2009	Grab	S	0.502	NaN	458876	49684	11	37.70	66.20	13917	3483252.00	69665039.94	2413381.60	386674.40	6.24	86.19	13.81	2800056.00
KIN	02/11/2009	11	2009	Grab	B	4.000	4.5	179054	18950	11	27.00	77.70	933	1049106.38	20982127.63	681680.30	436675.40	1.56	60.95	39.05	1118355.70
KIN	16/11/2009	11	2009	Grab	S	0.519	NaN	274689	19017	7	34.80	67.30	3717	9832461.58	196649231.57	168336.70	35000.70	4.81	82.79	17.21	203337.40
KIN	16/11/2009	11	2009	Grab	B	5.000	5.5	473226	45018	10	84.60	18.70	14200	8894221.28	177884425.62	148336.30	26667.20	5.56	84.76	15.24	175003.50
KIN	30/11/2009	11	2009	Grab	S	0.510	NaN	251988	13667	5	11.80	90.20	26667	5621273.89	112425477.80	1508363.50	3260065.20	0.46	31.63	68.37	4768428.70
KIN	30/11/2009	11	2009	Grab	B	4.300	4.8	548228	42884	8	7.50	94.00	12684	5194782.29	103895645.87	2130042.60	3905078.10	0.55	35.29	64.71	6035120.70
KIN	14/12/2009	12	2009	Grab	S	0.481	NaN	223404	9250	4	11.90	88.80	22734	10103613.27	202072265.36	3091728.50	4480089.60	0.69	40.83	59.17	7571818.10
KIN	14/12/2009	12	2009	Grab	B	4.700	5.2	430875	31851	7	11.50	89.90	17067	11298655.24	225973104.71	4623425.80	3303399.40	1.40	58.33	41.67	7926825.20
SUC	15/12/2008	12	2008	Grab	S	0.508	NaN	191771	40201	21	12.60	85.50	4750	4444815.76	88896315.22	1906704.80	1426695.20	1.34	57.20	42.80	3333400.00
SUC	15/12/2008	12	2008	Grab	B	3.700	4.1	343124	90302	26	12.40	85.70	3800	6598386.63	131967732.64	2088375.10	1696700.60	1.23	55.17	44.83	3785075.70
SUC	29/12/2008	12	2008	Grab	S	0.522	NaN	158487	16100	10	56.40	41.70	18000	3427144.54	68542890.83	901684.70	975019.50	0.92	48.05	51.95	1876704.20
SUC	29/12/2008	12	2008	Grab	B	3.200	3.7	165520	35467	21	21.50	76.80	14217	2605989.92	52119798.38	793349.20	891684.50	0.89	47.08	52.92	1685033.70
SUC	12/01/2009	01	2009	Grab	S	0.510	NaN	254288	42668	17	14.50	84.10	6633	4957295.08	99145901.55	2280045.60	2041707.50	1.12	52.76	47.24	4321753.10
SUC	12/01/2009	01	2009	Grab	B	3.600	4.1	185704	42401	23	21.60	76.70	1900	4950082.60	99001651.99	1360027.20	2285045.70	0.60	37.31	62.69	3645072.90
SUC	27/01/2009	01	2009	Grab	S	0.525	NaN	528161	58851	11	27.40	75.60	29451	4772655.65	95453113.02	3676740.20	2023373.80	1.82	64.50	35.50	5700114.00
SUC	27/01/2009	01	2009	Grab	B	3.200	3.7	640446	111352	17	20.60	81.90	1900	5086763.73	101735274.66	2296712.60	1755035.10	1.31	56.68	43.32	4051747.70
SUC	09/02/2009	02	2009	Grab	S	0.581	NaN	450142	31651	7	29.40	72.80	67451	5125430.11	102508602.13	1738368.10	2063374.60	0.84	45.73	54.27	3801742.70
SUC	09/02/2009	02	2009	Grab	B	2.800	3.3	492360	58084	12	18.20	83.40	20850	5185490.37	103709807.49	1406694.80	1821703.10	0.77	43.57	56.43	3228397.90
SUC	02/03/2009	03	2009	Grab	S	0.508	NaN	510577	90335	18	45.20	58.30	24667	4088519.37	81770387.38	2310046.20	986686.40	2.34	70.07	29.93	3296732.60
SUC	02/03/2009	03	2009	Grab	B	3.500	4	386741	51634	13	9.88	90.80	16150	3830649.88	76612997.56	3290065.80	1798369.30	1.83	64.66	35.34	5088435.10
SUC	09/03/2009	03	2009	Grab	S	0.500	NaN	342474	51751	15	16.30	84.30	11400	4424995.50	88499909.96	3093395.20	2965059.30	1.04	51.06	48.94	6058454.50
SUC	09/03/2009	03	2009	Grab	B	3.800	4.3	164837	17684	11	13.90	87.10	5700	4874417.15	97488343.06	1711700.90	1971706.10	0.87	46.47	53.53	3683407.00
SUC	23/03/2009	03	2009	Grab	S	0.518	NaN	273022	18334	7	55.30	47.20	13300	4257253.88	85145077.53	5675113.50	3158396.50	1.80	64.25	35.75	8833510.00
SUC	23/03/2009	03	2009	Grab	B	3.500	4	327890	18217	6	21.70	80.30	15184	4758755.24	95175104.80	1640032.80	1930038.60	0.85	45.94	54.06	3570071.40
SUC	06/04/2009	04	2009	Grab	S	0.614	NaN	90818	41067	45	88.50	11.90	49368	4779043.85	95580876.91	7313479.60	3996746.60	1.83	64.66	35.34	11310226.20
SUC	06/04/2009	04	2009	Grab	B	3.000	3.5	107469	47134	44	87.20	13.80	1900	4733333.60	94666671.96	7563484.60	3266732.00	2.32	69.84	30.16	10830216.60
SUC	20/04/2009	04	2009	Grab	S	0.511	NaN	100169	8884	9	22.90	80.50	12334	4987568.75	99751374.99	3343400.20	2903391.40	1.15	53.52	46.48	6246791.60
SUC	20/04/2009	04	2009	Grab	B	4.000	4.5	64601	5017	8	18.60	82.40	6617	4288201.96	85764039.25	3651739.70	2278378.90	1.60	61.58	38.42	5930118.60
SUC	04/05/2009	05	2009	Grab	S	0.501	NaN	176520	9117	5	15.50	87.80	34167	4637154.74	92743094.82	2416715.00	4446755.60	0.54	35.21	64.79	6863470.60
SUC	04/05/2009	05	2009	Grab	B	4.000	4.5	130219	6000	5	26.70	75.80	15867	5032192.44	100643848.84	2430048.60	4083415.00	0.60	37.31	62.69	6513463.60
SUC	18/05/2009	05	2009	Grab	S	0.495	NaN	499510	13500	3	5.68	94.80	24417	4286984.27	85739685.43	2783389.00	2795055.90	1.00	49.90	50.10	5578444.90
SUC	18/05/2009	05	2009	Grab	B	4.100	4.6	77702	5633	7	31.80	69.20	14884	4810422.81	96208456.13	2895057.90	3293399.20	0.88	46.78	53.22	6188457.10
SUC	02/06/2009	06	2009	Grab	S	0.492	NaN	122652	12584	10	42.80	60.40	18967	5086182.99	101723659.77	1886704.40	3271732.10	0.58	36.58	63.42	5158436.50
SUC	02/06/2009	06	2009	Grab	B	4.200	4.7	NaN	NaN	NaN	NaN	NaN	NaN	NaN	NaN	NaN	NaN	NaN	NaN	NaN	NaN
SUC	15/06/2009	06	2009	Grab	S	0.502	NaN	172253	6667	4	25.80	77.80	104502	4478517.70	89570354.04	1620032.40	2180043.60	0.74	42.63	57.37	3800076.00
SUC	15/06/2009	06	2009	Grab	B	3.400	3.9	14184	2933	21	10.20	89.80	NaN	NaN	NaN	NaN	NaN	NaN	NaN	NaN	NaN
SUC	30/06/2009	06	2009	Grab	S	0.492	NaN	158803	35084	22	14.70	87.60	12217	1168084.16	23361683.22	681680.30	503343.40	1.35	57.52	42.48	1185023.70
SUC	30/06/2009	06	2009	Grab	B	3.800	4.3	97685	20717	21	21.80	82.10	11384	1543470.20	30869404.04	900018.00	560011.20	1.61	61.64	38.36	1460029.20
SUC	13/07/2009	07	2009	Grab	S	0.504	NaN	164170	10817	7	25.70	78.90	6567	864448.22	17288964.44	2395047.90	1570031.40	1.53	60.40	39.60	3965079.30
SUC	13/07/2009	07	2009	Grab	B	3.500	4	186170	14067	8	15.90	87.10	6633	827299.28	16545985.58	2146709.60	1423361.80	1.51	60.13	39.87	3570071.40
SUC	27/07/2009	07	2009	Grab	S	0.533	NaN	331373	24050	7	23.40	79.90	4683	841162.22	16823244.46	1000020.00	993353.20	1.01	50.17	49.83	1993373.20
SUC	27/07/2009	07	2009	Grab	B	4.000	4.5	171403	20767	12	58.40	45.30	5650	1046071.52	20921430.42	1120022.40	1105022.10	1.01	50.34	49.66	2225044.50
SUC	10/08/2009	08	2009	Grab	S	0.513	NaN	90918	8784	10	13.30	88.20	900	1866251.99	37325039.82	7903491.40	5156769.80	1.53	60.52	39.48	13060261.20
SUC	10/08/2009	08	2009	Grab	B	4.500	5	144053	14634	10	11.00	90.40	950	1872171.84	37443436.85	8835176.70	5146769.60	1.72	63.19	36.81	13981946.30
SUC	24/08/2009	08	2009	Grab	S	0.496	NaN	256155	33584	13	21.40	81.90	1767	NaN	NaN	291672.50	1101688.70	0.26	20.93	79.07	1393361.20
SUC	24/08/2009	08	2009	Grab	B	4.500	5	315773	40534	13	21.20	81.80	1800	308544.17	6170883.42	291672.50	1101688.70	0.26	20.93	79.07	1393361.20
SUC	07/09/2009	09	2009	Grab	S	0.501	NaN	77252	7500	10	26.90	75.60	950	1011695.17	20233903.34	1933372.00	1498363.30	1.29	56.34	43.66	3431735.30
SUC	07/09/2009	09	2009	Grab	B	4.000	4.5	73601	6817	9	16.60	88.00	950	962294.38	19245887.58	2375047.50	1478362.90	1.61	61.63	38.37	3853410.40
SUC	21/09/2009	09	2009	Grab	S	0.496	NaN	108869	9200	8	12.10	90.60	917	1227825.96	24556519.12	470009.40	31667.30	14.84	93.69	6.31	501676.70
SUC	21/09/2009	09	2009	Grab	B	4.000	4.5	158603	17234	11	11.30	90.80	950	1011732.63	20234652.68	653346.40	30000.60	21.78	95.61	4.39	683347.00
SUC	05/10/2009	10	2009	Grab	S	0.517	NaN	84218	5883	7	37.70	66.30	933	1058136.03	21162720.58	1035020.70	1071688.10	0.97	49.13	50.87	2106708.80
SUC	05/10/2009	10	2009	Grab	B	3.500	4	104785	8000	8	13.30	88.50	NaN	1790211.87	35804237.40	855017.10	1215024.30	0.70	41.30	58.70	2070041.40
SUC	19/10/2009	10	2009	Grab	S	0.488	NaN	228755	19400	8	35.40	69.40	9934	2030340.54	40606810.79	180003.60	70001.40	2.57	72.00	28.00	250005.00
SUC	19/10/2009	10	2009	Grab	B	4.100	4.6	187587	14434	8	10.40	91.70	5617	1983375.13	39667502.67	768348.70	583345.00	1.32	56.84	43.16	1351693.70
SUC	02/11/2009	11	2009	Grab	S	0.505	NaN	384458	59768	16	78.80	22.80	19384	3000428.14	60008562.81	1375027.50	181670.30	7.57	88.33	11.67	1556697.80
SUC	02/11/2009	11	2009	Grab	B	2.700	3.2	418992	70868	17	72.90	29.50	11017	2867100.34	57342006.82	2531717.30	686680.40	3.69	78.66	21.34	3218397.70
SUC	16/11/2009	11	2009	Grab	S	0.516	NaN	457692	65118	14	95.00	5.86	18600	7132484.65	142649692.94	515010.30	100002.00	5.15	83.74	16.26	615012.30
SUC	16/11/2009	11	2009	Grab	B	4.100	4.6	422025	35234	8	15.60	87.10	5683	9554865.49	191097309.87	68334.70	10000.20	6.83	87.23	12.77	78334.90
SUC	30/11/2009	11	2009	Grab	S	0.508	NaN	207221	15250	7	12.70	89.10	29867	3657288.14	73145762.89	1600032.00	2185043.70	0.73	42.27	57.73	3785075.70
SUC	30/11/2009	11	2009	Grab	B	3.500	4	572711	49984	9	7.47	93.80	16784	4319824.46	86396489.23	1098355.30	2465049.30	0.45	30.82	69.18	3563404.60
SUC	14/12/2009	12	2009	Grab	S	0.495	NaN	221221	16700	8	29.50	71.00	97585	8513664.74	170273294.73	4118415.70	4860097.20	0.85	45.87	54.13	8978512.90
SUC	14/12/2009	12	2009	Grab	B	4.500	5	366174	55634	15	13.80	86.70	17050	8959845.46	179196909.20	3640072.80	2523383.80	1.44	59.06	40.94	6163456.60