BLA	15/12/2008	12	2008	Grab	S	0.557	NaN	35	42	1	4	0	2	3	0	0	4
BLA	15/12/2008	12	2008	Insitu	B	15.662	16.7	53.0	27.0	0.0	0.0	0.0	0.0	1.0	0.0	0.0	0.0
BLA	29/12/2008	12	2008	Grab	S	0.519	NaN	81.3	191.3	0.0	40.0	0.0	1.3	26.3	0.0	0.0	0.0
BLA	29/12/2008	12	2008	Grab	B	15.500	16	35.0	99.0	0.0	0.0	0.0	0.0	1.0	0.0	0.0	0.0
BLA	12/01/2009	01	2009	Grab	S	0.524	NaN	206.7	155.0	0.0	41.7	5.0	0.0	1.7	0.0	0.0	0.0
BLA	12/01/2009	01	2009	Grab	B	15.500	16	175.0	16.7	160.0	0.0	18.3	0.0	0.0	1.7	0.0	0.0
BLA	27/01/2009	01	2009	Grab	S	0.584	NaN	311.7	150.0	11.7	11.7	0.0	0.0	18.3	0.0	0.0	0.0
BLA	27/01/2009	01	2009	Grab	B	16.500	17	152.0	40.0	1.0	0.0	0.0	1.0	7.0	0.0	0.0	0.0
BLA	09/02/2009	02	2009	Grab	S	0.553	NaN	935.2	256.0	295.0	100.0	10.0	0.1	35.0	0.0	0.0	0.0
BLA	09/02/2009	02	2009	Grab	B	15.500	16	136.7	90.0	118.3	8.3	0.0	0.0	10.0	0.0	0.0	0.0
BLA	02/03/2009	03	2009	Grab	S	0.538	NaN	1370.0	235.0	215.0	85.0	5.0	0.0	15.0	0.0	0.0	0.0
BLA	02/03/2009	03	2009	Grab	B	15.500	16	1490.0	40.0	120.0	30.0	0.0	0.0	25.0	0.0	0.0	0.0
BLA	09/03/2009	03	2009	Grab	S	0.499	NaN	1575.0	70.0	645.0	175.0	0.0	0.0	5.0	0.0	0.0	0.0
BLA	09/03/2009	03	2009	Grab	B	15.500	16	850.0	80.0	915.0	70.0	5.0	0.0	5.0	0.0	0.0	0.0
BLA	23/03/2009	03	2009	Grab	S	0.503	NaN	3873.3	15.0	25.0	20.0	0.0	0.0	15.0	0.0	0.0	0.0
BLA	23/03/2009	03	2009	Grab	B	16.000	16.5	3545.0	10.0	10.0	35.0	0.0	0.0	0.0	0.0	0.0	0.0
BLA	06/04/2009	04	2009	Grab	S	0.591	NaN	940.0	37.5	15.0	17.5	0.0	0.0	0.0	0.0	0.0	0.0
BLA	06/04/2009	04	2009	Grab	B	16.000	16.5	521.7	26.7	0.0	5.0	0.0	0.0	0.0	0.0	0.0	0.0
BLA	20/04/2009	04	2009	Grab	S	0.530	NaN	17.0	6.0	1.0	6.0	0.0	0.0	2.0	0.0	0.0	0.0
BLA	20/04/2009	04	2009	Grab	B	16.000	16.5	88.0	6.0	1.0	8.0	0.0	0.0	2.0	0.0	0.0	0.0
BLA	04/05/2009	05	2009	Grab	S	0.504	NaN	103.3	103.3	40.0	80.0	0.0	0.0	5.0	0.0	0.0	0.0
BLA	04/05/2009	05	2009	Grab	B	15.500	16	150.0	50.0	10.0	97.5	0.0	2.5	0.0	0.0	0.0	0.0
BLA	18/05/2009	05	2009	Grab	S	0.502	NaN	1012.5	43.8	25.0	25.0	0.0	3.1	0.0	0.0	0.0	0.0
BLA	18/05/2009	05	2009	Grab	B	15.500	16	3508.3	25.0	0.0	0.0	0.0	0.0	0.0	0.0	0.0	0.0
BLA	02/06/2009	06	2009	Grab	S	0.536	NaN	257.1	39.3	17.9	14.3	0.0	0.0	3.6	0.0	0.0	0.0
BLA	02/06/2009	06	2009	Grab	B	16.000	16.5	850.0	12.5	6.3	3.1	0.0	0.0	3.1	0.0	0.0	0.0
BLA	15/06/2009	06	2009	Grab	S	0.000	NaN	30.0	52.5	7.5	95.0	0.0	0.0	20.0	0.0	0.0	0.0
BLA	15/06/2009	06	2009	Grab	B	15.500	16	23.3	3.3	10.0	0.0	0.0	3.3	0.0	0.0	0.0	0.0
BLA	30/06/2009	06	2009	Grab	S	0.449	NaN	54.0	24.0	0.0	236.0	0.0	0.0	0.0	0.0	0.0	0.0
BLA	30/06/2009	06	2009	Grab	B	15.500	16	46.7	13.3	0.0	90.0	0.0	0.0	3.3	0.0	0.0	0.0
BLA	13/07/2009	07	2009	Grab	S	0.000	NaN	805.0	45.0	75.0	1140.0	0.0	0.0	5.0	0.0	0.0	0.0
BLA	13/07/2009	07	2009	Grab	B	16.000	16.5	515.0	50.0	95.0	825.0	0.0	10.0	5.0	0.0	0.0	0.0
BLA	27/07/2009	07	2009	Grab	S	0.000	NaN	3050.0	440.0	240.0	270.0	200.0	10.0	0.0	0.0	0.0	0.0
BLA	27/07/2009	07	2009	Grab	B	15.500	16	76.7	56.7	0.0	13.3	0.0	0.0	3.3	0.0	0.0	0.0
BLA	10/08/2009	08	2009	Grab	S	0.511	NaN	7490.0	190.0	90.0	320.0	0.0	0.0	0.0	0.0	0.0	0.0
BLA	10/08/2009	08	2009	Grab	B	15.500	16	43.3	36.7	6.7	20.0	0.0	0.0	0.0	0.0	0.0	0.0
BLA	24/08/2009	08	2009	Grab	S	0.500	NaN	46940.0	572.2	0.0	400.0	0.0	0.0	0.0	0.0	0.0	0.0
BLA	24/08/2009	08	2009	Grab	B	15.000	15.5	730.0	26.7	26.7	6.7	0.0	0.0	0.0	0.0	0.0	0.0
BLA	07/09/2009	09	2009	Grab	S	0.506	NaN	33300.0	2440.4	520.0	640.0	0.0	0.0	0.0	0.0	0.0	0.0
BLA	07/09/2009	09	2009	Grab	B	15.000	15.5	203.3	30.0	3.3	23.3	0.0	0.0	0.0	0.0	0.0	0.0
BLA	21/09/2009	09	2009	Grab	S	0.511	NaN	973.3	453.3	86.7	1113.3	0.0	0.0	0.0	0.0	0.0	0.0
BLA	21/09/2009	09	2009	Grab	B	15.500	16	106.7	60.0	3.3	46.7	0.0	0.0	0.0	0.0	0.0	0.0
BLA	05/10/2009	10	2009	Grab	S	0.496	NaN	12520.0	300.0	160.0	380.0	0.0	0.0	0.0	0.0	0.0	0.0
BLA	05/10/2009	10	2009	Grab	B	15.500	16	115.0	30.0	20.0	6.7	0.0	0.0	0.0	0.0	0.0	0.0
BLA	19/10/2009	10	2009	Grab	S	0.522	NaN	3420.0	690.0	70.0	210.0	30.0	0.0	0.0	0.0	0.0	0.0
BLA	19/10/2009	10	2009	Grab	B	16.500	17	2470.0	150.0	40.0	50.0	0.0	20.0	0.0	0.0	0.0	0.0
BLA	02/11/2009	11	2009	Grab	S	0.505	NaN	156.7	500.0	30.0	260.0	0.0	26.7	0.0	0.0	0.0	0.0
BLA	02/11/2009	11	2009	Grab	B	15.500	16	36.7	66.7	6.7	13.3	0.0	0.0	0.0	0.0	0.0	0.0
ARM	15/12/2008	12	2008	Grab	S	0.538	NaN	51.0	106.5	0.5	4.0	0.0	3.0	0.0	0.0	0.0	0.0
ARM	15/12/2008	12	2008	Grab	B	10.800	11.3	22.5	7.5	0.0	0.0	0.0	0.0	0.0	0.0	0.0	0.0
ARM	29/12/2008	12	2008	Grab	S	0.488	NaN	293.3	231.7	0.0	66.7	0.0	3.3	5.0	0.0	0.0	0.0
ARM	29/12/2008	12	2008	Grab	B	11.600	12	670.0	630.0	0.0	0.0	0.0	0.0	130.0	0.0	0.0	0.0
ARM	12/01/2009	01	2009	Grab	S	0.508	NaN	406.3	145.0	0.0	13.8	0.0	2.5	0.0	0.0	0.0	0.0
ARM	12/01/2009	01	2009	Grab	B	11.500	12	168.0	0.0	68.0	0.0	8.0	0.0	0.0	1.0	0.0	0.0
ARM	27/01/2009	01	2009	Grab	S	0.597	NaN	55.0	48.0	0.0	0.0	0.0	2.0	0.0	1.0	0.0	0.0
ARM	27/01/2009	01	2009	Grab	B	12.500	13	43.0	5.0	0.0	0.0	0.0	0.0	2.0	0.0	0.0	0.0
ARM	09/02/2009	02	2009	Grab	S	0.527	NaN	236.7	225.0	161.7	20.0	0.0	0.0	8.3	0.0	0.0	0.0
ARM	09/02/2009	02	2009	Grab	B	11.500	12	248.3	121.7	41.7	1.7	0.0	1.7	31.7	0.0	0.0	0.0
ARM	02/03/2009	03	2009	Grab	S	0.517	NaN	1085.0	150.0	30.0	40.0	0.0	0.0	15.0	0.0	0.0	0.0
ARM	02/03/2009	03	2009	Grab	B	11.500	12	916.3	62.4	10.0	5.0	0.0	0.0	10.0	0.0	0.0	0.0
ARM	09/03/2009	03	2009	Grab	S	0.517	NaN	1410.0	480.0	195.0	275.0	0.0	10.0	15.0	0.0	0.0	0.0
ARM	09/03/2009	03	2009	Grab	B	11.000	11.5	1485.0	95.0	110.0	50.0	0.0	5.0	5.0	0.0	0.0	0.0
ARM	23/03/2009	03	2009	Grab	S	0.542	NaN	2590.0	65.0	0.0	15.0	0.0	0.0	5.0	0.0	0.0	0.0
ARM	23/03/2009	03	2009	Grab	B	10.500	11	2745.0	35.0	0.0	10.0	0.0	5.0	0.0	0.0	0.0	0.0
ARM	06/04/2009	04	2009	Grab	S	0.482	NaN	1105.0	42.5	0.0	15.0	0.0	2.5	0.0	0.0	0.0	0.0
ARM	06/04/2009	04	2009	Grab	B	11.500	12	637.5	72.5	0.0	20.0	0.0	0.0	2.5	0.0	0.0	0.0
ARM	20/04/2009	04	2009	Grab	S	0.521	NaN	273.3	331.7	11.7	41.7	3.3	31.7	0.0	0.0	0.0	0.0
ARM	20/04/2009	04	2009	Grab	B	11.500	12	271.3	3.8	0.0	0.0	0.0	1.3	0.0	0.0	0.0	0.0
ARM	04/05/2009	05	2009	Grab	S	0.504	NaN	467.5	312.5	40.0	77.5	0.0	5.0	15.0	0.0	0.0	15.0
ARM	04/05/2009	05	2009	Grab	B	11.500	12	77.5	15.0	0.0	0.0	0.0	2.5	0.0	0.0	0.0	0.0
ARM	18/05/2009	05	2009	Grab	S	0.507	NaN	2650.0	58.3	0.0	16.7	0.0	0.0	50.0	0.0	0.0	0.0
ARM	18/05/2009	05	2009	Grab	B	11.500	12	1109.4	18.8	3.1	6.3	0.0	0.0	0.0	0.0	0.0	0.0
ARM	02/06/2009	06	2009	Grab	S	0.585	NaN	254.0	76.0	0.0	16.0	0.0	4.0	12.0	0.0	0.0	0.0
ARM	02/06/2009	06	2009	Grab	B	12.000	12.5	268.0	10.0	0.0	8.0	0.0	0.0	0.0	0.0	0.0	0.0
ARM	15/06/2009	06	2009	Grab	S	0.506	NaN	3.3	246.7	20.0	293.3	0.0	3.3	3.3	0.0	0.0	0.0
ARM	15/06/2009	06	2009	Grab	B	11.500	12	50.0	0.0	36.7	0.0	0.0	0.0	0.0	0.0	0.0	0.0
ARM	30/06/2009	06	2009	Grab	S	0.564	NaN	66.0	20.0	0.0	146.0	0.0	2.0	4.0	0.0	0.0	0.0
ARM	30/06/2009	06	2009	Grab	B	11.500	12	60.0	20.0	0.0	83.3	0.0	0.0	0.0	0.0	0.0	0.0
ARM	13/07/2009	07	2009	Grab	S	0.512	NaN	720.0	240.0	170.0	1800.0	0.0	20.0	0.0	0.0	0.0	0.0
ARM	13/07/2009	07	2009	Grab	B	11.500	12	1090.0	90.0	0.0	120.0	0.0	0.0	0.0	0.0	0.0	0.0
ARM	27/07/2009	07	2009	Grab	S	0.517	NaN	3160.0	1120.0	480.0	1070.0	190.0	0.0	0.0	0.0	0.0	0.0
ARM	27/07/2009	07	2009	Grab	B	11.500	12	43.3	66.7	3.3	30.0	0.0	0.0	0.0	0.0	0.0	0.0
ARM	10/08/2009	08	2009	Grab	S	0.512	NaN	8890.0	270.0	30.0	90.0	0.0	0.0	0.0	0.0	0.0	0.0
ARM	10/08/2009	08	2009	Grab	B	11.500	12	26.7	76.7	0.0	0.0	0.0	0.0	0.0	0.0	0.0	0.0
ARM	24/08/2009	08	2009	Grab	S	0.516	NaN	24220.0	840.0	760.0	200.0	80.0	0.0	0.0	0.0	0.0	0.0
ARM	24/08/2009	08	2009	Grab	B	11.000	11.5	180.0	23.3	0.0	0.0	0.0	0.0	0.0	0.0	0.0	0.0
ARM	07/09/2009	09	2009	Grab	S	0.513	NaN	253.3	46.7	40.0	6.7	0.0	0.0	0.0	0.0	0.0	0.0
ARM	07/09/2009	09	2009	Grab	B	10.000	10.5	253.3	46.7	40.0	6.7	0.0	0.0	0.0	0.0	0.0	0.0
ARM	21/09/2009	09	2009	Grab	S	0.513	NaN	2020.0	1100.0	250.0	1880.0	0.0	10.0	0.0	0.0	0.0	0.0
ARM	21/09/2009	09	2009	Grab	B	11.500	12	83.3	46.7	0.0	6.7	0.0	0.0	0.0	0.0	0.0	0.0
ARM	05/10/2009	10	2009	Grab	S	0.488	NaN	9350.0	290.0	330.0	610.0	0.0	10.0	0.0	0.0	0.0	0.0
ARM	05/10/2009	10	2009	Grab	B	12.000	12.5	0.0	43.3	0.0	6.7	0.0	0.0	0.0	0.0	0.0	0.0
ARM	19/10/2009	10	2009	Grab	S	0.530	NaN	4010.0	650.0	20.0	40.0	0.0	10.0	0.0	0.0	0.0	0.0
ARM	19/10/2009	10	2009	Grab	B	11.500	12	150.0	93.3	0.0	3.3	0.0	0.0	0.0	0.0	0.0	0.0
ARM	02/11/2009	11	2009	Grab	S	0.509	NaN	265.0	2080.0	0.0	225.0	0.0	5.0	0.0	0.0	0.0	0.0
ARM	02/11/2009	11	2009	Grab	B	11.000	11.5	40.0	100.0	0.0	3.3	0.0	0.0	0.0	0.0	0.0	0.0
NAR	15/12/2008	12	2008	Grab	S	0.573	NaN	34.0	124.0	0.0	3.0	0.0	23.5	2.0	0.0	0.0	0.0
NAR	15/12/2008	12	2008	Grab	B	4.100	4.6	40.0	43.0	0.0	2.5	0.0	8.5	1.5	0.0	0.0	0.0
NAR	29/12/2008	12	2008	Grab	S	0.503	NaN	303.3	343.3	0.0	15.0	0.0	5.0	0.0	0.0	0.0	0.0
NAR	29/12/2008	12	2008	Grab	B	3.500	4	567.9	271.4	0.0	14.3	0.0	3.6	0.0	0.0	0.0	0.0
NAR	12/01/2009	01	2009	Grab	S	0.513	NaN	7685.7	200.0	0.0	0.0	0.0	0.0	0.0	0.0	0.0	0.0
NAR	12/01/2009	01	2009	Grab	B	3.800	4.3	1317.5	17.5	127.5	0.0	2.5	0.0	0.0	0.0	0.0	0.0
NAR	27/01/2009	01	2009	Grab	S	0.535	NaN	267.0	41.0	0.0	3.0	1.0	6.0	6.0	1.0	0.0	0.0
NAR	27/01/2009	01	2009	Grab	B	4.000	4.5	122.0	57.0	0.0	0.0	0.0	13.0	0.0	0.0	0.0	0.0
NAR	09/02/2009	02	2009	Grab	S	0.511	NaN	328.3	111.7	136.7	10.0	1.7	0.0	0.0	0.0	0.0	0.0
NAR	09/02/2009	02	2009	Grab	B	3.300	3.8	216.7	76.7	246.7	6.7	0.0	1.7	1.7	1.7	0.0	0.0
NAR	02/03/2009	03	2009	Grab	S	0.509	NaN	5335.0	85.0	10.0	10.0	0.0	0.0	0.0	0.0	0.0	0.0
NAR	02/03/2009	03	2009	Grab	B	3.500	4	2612.1	95.0	5.0	5.0	0.0	0.0	0.0	0.0	0.0	0.0
NAR	09/03/2009	03	2009	Grab	S	0.507	NaN	281.7	255.0	13.3	21.7	0.0	1.7	0.0	0.0	0.0	0.0
NAR	09/03/2009	03	2009	Grab	B	4.000	4.5	268.0	111.0	0.0	7.0	0.0	0.0	3.0	0.0	0.0	0.0
NAR	23/03/2009	03	2009	Grab	S	0.575	NaN	100.0	201.7	10.0	6.7	0.0	8.3	0.0	0.0	0.0	26.7
NAR	23/03/2009	03	2009	Grab	B	4.000	4.5	575.0	107.5	15.0	0.0	0.0	0.0	0.0	0.0	0.0	0.0
NAR	06/04/2009	04	2009	Grab	S	0.513	NaN	26.0	132.0	2.0	6.0	0.0	2.0	0.0	0.0	0.0	0.0
NAR	06/04/2009	04	2009	Grab	B	4.000	4.5	37.5	37.5	0.0	0.0	0.0	2.5	0.0	0.0	0.0	0.0
NAR	20/04/2009	04	2009	Grab	S	0.512	NaN	130.0	470.0	7.5	80.0	0.0	27.5	0.0	0.0	0.0	0.0
NAR	20/04/2009	04	2009	Grab	B	4.000	4.5	87.5	25.0	0.0	0.0	0.0	0.0	0.0	0.0	0.0	0.0
NAR	04/05/2009	05	2009	Grab	S	0.516	NaN	20.0	1730.0	0.0	0.0	0.0	0.0	0.0	0.0	0.0	0.0
NAR	04/05/2009	05	2009	Grab	B	4.000	4.5	20.0	847.5	0.0	0.0	0.0	2.5	0.0	0.0	0.0	0.0
NAR	18/05/2009	05	2009	Grab	S	0.501	NaN	85.0	495.0	5.0	65.0	0.0	5.0	0.0	0.0	0.0	0.0
NAR	18/05/2009	05	2009	Grab	B	3.800	4.3	53.1	109.4	0.0	12.5	0.0	3.1	0.0	0.0	0.0	0.0
NAR	02/06/2009	06	2009	Grab	S	0.565	NaN	235.0	755.0	5.0	630.0	0.0	5.0	0.0	0.0	0.0	0.0
NAR	02/06/2009	06	2009	Grab	B	4.300	4.8	156.7	80.0	0.0	13.3	0.0	6.7	0.0	0.0	0.0	0.0
NAR	15/06/2009	06	2009	Grab	S	0.500	NaN	45.0	750.0	410.0	465.0	0.0	0.0	0.0	0.0	0.0	0.0
NAR	15/06/2009	06	2009	Grab	B	4.000	4.5	103.3	0.0	66.7	0.0	3.3	0.0	0.0	0.0	0.0	0.0
NAR	30/06/2009	06	2009	Grab	S	0.494	NaN	13.3	76.7	16.7	586.7	3.3	0.0	0.0	0.0	0.0	0.0
NAR	30/06/2009	06	2009	Grab	B	4.000	4.5	46.7	130.0	20.0	2413.3	0.0	0.0	0.0	0.0	0.0	0.0
NAR	13/07/2009	07	2009	Grab	S	0.514	NaN	520.0	76.7	3.3	223.3	0.0	0.0	0.0	0.0	0.0	213.3
NAR	13/07/2009	07	2009	Grab	B	4.100	4.5	126.7	30.0	3.3	33.3	0.0	0.0	0.0	0.0	0.0	0.0
NAR	27/07/2009	07	2009	Grab	S	0.509	NaN	824.0	784.0	144.0	792.0	0.0	8.0	0.0	0.0	0.0	0.0
NAR	27/07/2009	07	2009	Grab	B	4.000	4.5	200.0	435.0	20.0	135.0	0.0	0.0	0.0	0.0	0.0	0.0
NAR	10/08/2009	08	2009	Grab	S	0.554	NaN	3890.0	250.0	10.0	1260.0	60.0	0.0	0.0	0.0	0.0	0.0
NAR	10/08/2009	08	2009	Grab	B	4.500	5	53.3	603.3	0.0	110.0	0.0	0.0	0.0	0.0	0.0	0.0
NAR	24/08/2009	08	2009	Grab	S	0.511	NaN	300.0	1370.0	0.0	1260.0	0.0	0.0	0.0	0.0	0.0	0.0
NAR	24/08/2009	08	2009	Grab	B	4.000	4.5	7240.0	540.0	0.0	520.0	0.0	0.0	0.0	0.0	0.0	0.0
NAR	07/09/2009	09	2009	Grab	S	0.512	NaN	370.0	1910.0	90.0	890.0	10.0	40.0	0.0	0.0	0.0	0.0
NAR	07/09/2009	09	2009	Grab	B	3.800	4.3	480.0	373.3	0.0	33.3	3.3	0.0	0.0	0.0	0.0	0.0
NAR	21/09/2009	09	2009	Grab	S	0.506	NaN	446.7	1226.7	106.7	373.3	6.7	0.0	0.0	0.0	0.0	0.0
NAR	21/09/2009	09	2009	Grab	B	4.000	4.5	540.0	825.0	175.0	135.0	0.0	0.0	0.0	0.0	0.0	0.0
NAR	05/10/2009	10	2009	Grab	S	0.499	NaN	3720.0	2840.0	200.0	780.0	200.0	0.0	0.0	0.0	0.0	0.0
NAR	05/10/2009	10	2009	Grab	B	3.500	4	103.3	40.0	0.0	10.0	0.0	0.0	0.0	0.0	0.0	0.0
NAR	19/10/2009	10	2009	Grab	S	0.531	NaN	3020.0	600.0	10.0	60.0	0.0	0.0	0.0	0.0	0.0	0.0
NAR	19/10/2009	10	2009	Grab	B	3.800	4.3	1984.0	432.0	0.0	16.0	0.0	8.0	0.0	0.0	0.0	0.0
NAR	02/11/2009	11	2009	Grab	S	0.508	NaN	4450.0	11000.0	0.0	1650.0	0.0	0.0	0.0	0.0	0.0	0.0
NAR	02/11/2009	11	2009	Grab	B	3.500	4	475.0	5175.0	0.0	150.0	0.0	0.0	0.0	0.0	0.0	0.0
STJ	15/12/2008	12	2008	Grab	S	0.602	NaN	0.0	0.0	0.0	0.0	0.0	0.0	0.0	0.0	0.0	0.0
STJ	15/12/2008	12	2008	Grab	B	4.000	4.5	0.0	0.0	0.0	0.0	0.0	0.0	0.0	0.0	0.0	0.0
STJ	29/12/2008	12	2008	Grab	S	0.513	NaN	200.0	7350.0	0.0	450.0	0.0	150.0	0.0	0.0	0.0	0.0
STJ	29/12/2008	12	2008	Grab	B	3.500	4	550.0	4800.0	0.0	462.5	0.0	225.0	0.0	12.5	0.0	0.0
STJ	12/01/2009	01	2009	Grab	S	0.525	NaN	3335.0	300.0	0.0	45.0	0.0	90.0	0.0	0.0	0.0	0.0
STJ	12/01/2009	01	2009	Grab	B	3.800	4.3	10540.0	40.0	120.0	0.0	40.0	0.0	0.0	0.0	0.0	0.0
STJ	27/01/2009	01	2009	Grab	S	0.513	NaN	130.0	575.0	0.0	35.0	0.0	465.0	0.0	0.0	0.0	0.0
STJ	27/01/2009	01	2009	Grab	B	3.700	4.2	187.5	196.3	0.0	1.3	0.0	7.5	0.0	0.0	0.0	5.0
STJ	09/02/2009	02	2009	Grab	S	0.489	NaN	125.0	425.0	3295.0	5.0	5.0	75.0	0.0	0.0	0.0	0.0
STJ	09/02/2009	02	2009	Grab	B	3.400	4	850.0	240.0	405.0	0.0	0.0	15.0	0.0	0.0	0.0	120.0
STJ	02/03/2009	03	2009	Grab	S	0.506	NaN	7555.0	480.0	0.0	5.0	0.0	105.0	0.0	0.0	0.0	0.0
STJ	02/03/2009	03	2009	Grab	B	3.500	4	8655.0	115.0	5.0	0.0	0.0	0.0	0.0	0.0	0.0	0.0
STJ	09/03/2009	03	2009	Grab	S	0.512	NaN	6185.0	185.0	5.0	25.0	0.0	5.0	0.0	0.0	0.0	0.0
STJ	09/03/2009	03	2009	Grab	B	4.000	4.5	535.0	70.0	17.5	12.5	0.0	0.0	0.0	0.0	0.0	0.0
STJ	23/03/2009	03	2009	Grab	S	0.737	NaN	3850.0	460.0	0.0	10.0	0.0	15.0	0.0	0.0	0.0	0.0
STJ	23/03/2009	03	2009	Grab	B	4.000	4.5	1450.0	75.0	0.0	0.0	0.0	0.0	0.0	0.0	0.0	0.0
STJ	06/04/2009	04	2009	Grab	S	0.505	NaN	73.3	208.3	33.3	133.3	0.0	5.0	0.0	1.7	0.0	0.0
STJ	06/04/2009	04	2009	Grab	B	4.000	4.5	131.7	116.7	8.3	28.3	0.0	10.0	0.0	0.0	0.0	0.0
STJ	20/04/2009	04	2009	Grab	S	0.511	NaN	1400.0	405.0	0.0	25.0	0.0	25.0	0.0	0.0	0.0	0.0
STJ	20/04/2009	04	2009	Grab	B	4.100	4.6	158.3	15.0	0.0	0.0	0.0	0.0	0.0	0.0	0.0	0.0
STJ	04/05/2009	05	2009	Grab	S	0.500	NaN	55.0	3850.0	5.0	110.0	0.0	0.0	0.0	0.0	0.0	0.0
STJ	04/05/2009	05	2009	Grab	B	4.000	4.5	2.5	25.0	0.0	10.0	0.0	5.0	0.0	0.0	0.0	0.0
STJ	18/05/2009	05	2009	Grab	S	0.499	NaN	40.6	331.3	0.0	109.4	0.0	31.3	0.0	0.0	0.0	0.0
STJ	18/05/2009	05	2009	Grab	B	3.700	4.2	125.0	56.3	6.3	18.8	0.0	0.0	0.0	0.0	0.0	0.0
STJ	02/06/2009	06	2009	Grab	S	0.613	NaN	270.0	863.3	3.3	313.3	0.0	20.0	0.0	3.3	0.0	0.0
STJ	02/06/2009	06	2009	Grab	B	4.300	4.8	90.0	126.7	0.0	23.3	0.0	23.3	0.0	0.0	0.0	0.0
STJ	15/06/2009	06	2009	Grab	S	0.502	NaN	140.0	1870.0	430.0	1590.0	0.0	40.0	0.0	0.0	0.0	0.0
STJ	15/06/2009	06	2009	Grab	B	4.000	4.5	50.0	0.0	1100.0	0.0	0.0	0.0	0.0	0.0	0.0	0.0
STJ	30/06/2009	06	2009	Grab	S	0.482	NaN	866.7	353.3	233.3	800.0	0.0	0.0	0.0	0.0	0.0	0.0
STJ	30/06/2009	06	2009	Grab	B	4.500	5	30.0	170.0	0.0	70.0	0.0	0.0	0.0	0.0	0.0	0.0
STJ	13/07/2009	07	2009	Grab	S	0.504	NaN	370.0	20.0	30.0	120.0	0.0	0.0	0.0	0.0	0.0	13.3
STJ	13/07/2009	07	2009	Grab	B	4.500	5	43.3	0.0	16.7	83.3	0.0	0.0	0.0	0.0	0.0	0.0
STJ	27/07/2009	07	2009	Grab	S	0.497	NaN	590.0	635.0	10.0	95.0	0.0	0.0	0.0	0.0	0.0	0.0
STJ	27/07/2009	07	2009	Grab	B	4.000	4.4	485.0	480.0	0.0	65.0	0.0	10.0	0.0	0.0	0.0	0.0
STJ	10/08/2009	08	2009	Grab	S	0.520	NaN	683.3	216.7	20.0	93.3	0.0	0.0	0.0	0.0	0.0	0.0
STJ	10/08/2009	08	2009	Grab	B	4.000	4.5	153.3	90.0	0.0	10.0	0.0	0.0	0.0	0.0	0.0	0.0
STJ	24/08/2009	08	2009	Grab	S	0.513	NaN	290.0	2450.0	0.0	1420.0	0.0	0.0	0.0	0.0	0.0	0.0
STJ	24/08/2009	08	2009	Grab	B	5.000	4.5	300.0	800.0	0.0	760.0	0.0	0.0	0.0	0.0	0.0	NaN
STJ	07/09/2009	09	2009	Grab	S	0.500	NaN	86.7	300.0	0.0	596.7	3.3	0.0	0.0	0.0	0.0	0.0
STJ	07/09/2009	09	2009	Grab	B	4.000	4.5	86.7	443.3	0.0	260.0	3.3	0.0	0.0	0.0	0.0	0.0
STJ	21/09/2009	09	2009	Grab	S	0.544	NaN	106.7	460.0	10.0	93.3	3.3	0.0	0.0	0.0	0.0	0.0
STJ	21/09/2009	09	2009	Grab	B	3.600	4.1	110.0	343.3	0.0	96.7	0.0	0.0	0.0	0.0	0.0	0.0
STJ	05/10/2009	10	2009	Grab	S	0.507	NaN	160.0	266.7	123.3	270.0	0.0	0.0	0.0	0.0	0.0	0.0
STJ	05/10/2009	10	2009	Grab	B	3.800	4.3	133.3	323.3	0.0	33.3	0.0	0.0	0.0	0.0	0.0	0.0
STJ	19/10/2009	10	2009	Grab	S	0.496	NaN	306.7	216.7	86.7	200.0	0.0	6.7	0.0	0.0	0.0	0.0
STJ	19/10/2009	10	2009	Grab	B	4.000	4.4	470.0	210.0	0.0	16.7	0.0	0.0	0.0	0.0	0.0	0.0
STJ	02/11/2009	11	2009	Grab	S	0.533	NaN	4320.0	1100.0	200.0	1620.0	0.0	0.0	0.0	0.0	0.0	0.0
STJ	02/11/2009	11	2009	Grab	B	3.500	4	9080.0	1760.0	80.0	1520.0	0.0	0.0	0.0	0.0	0.0	0.0
KIN	15/12/2008	12	2008	Grab	S	0.563	NaN	0.0	0.0	0.0	0.0	0.0	0.0	0.0	0.0	0.0	0.0
KIN	15/12/2008	12	2008	Grab	B	4.400	4.9	0.0	0.0	0.0	0.0	0.0	0.0	0.0	0.0	0.0	0.0
KIN	29/12/2008	12	2008	Grab	S	0.501	NaN	1050.0	11750.0	0.0	1625.0	0.0	3575.0	0.0	0.0	0.0	0.0
KIN	29/12/2008	12	2008	Grab	B	4.500	5	558.3	1058.3	0.0	83.3	0.0	25.0	0.0	0.0	0.0	16.7
KIN	12/01/2009	01	2009	Grab	S	0.505	NaN	375.0	855.0	5.0	35.0	0.0	1320.0	0.0	0.0	0.0	0.0
KIN	12/01/2009	01	2009	Grab	B	4.000	4.5	117.5	5.0	96.3	0.0	2.5	0.0	0.0	0.0	0.0	0.0
KIN	27/01/2009	01	2009	Grab	S	0.512	NaN	65.0	287.5	0.0	17.5	0.0	232.5	0.0	0.0	0.0	0.0
KIN	27/01/2009	01	2009	Grab	B	4.100	4.6	174.0	30.0	0.0	3.0	0.0	0.0	0.0	1.0	0.0	16.0
KIN	09/02/2009	02	2009	Grab	S	0.505	NaN	645.0	955.0	51600.0	0.0	0.0	170.0	0.0	0.0	0.0	0.0
KIN	09/02/2009	02	2009	Grab	B	4.000	4.5	50.0	30.0	2735.0	70.0	0.0	0.0	0.0	0.0	0.0	0.0
KIN	02/03/2009	03	2009	Grab	S	0.513	NaN	370.0	1435.0	30.0	480.0	0.0	315.0	0.0	0.0	0.0	0.0
KIN	02/03/2009	03	2009	Grab	B	5.000	5.5	2505.0	270.0	0.0	30.0	0.0	25.0	0.0	0.0	0.0	0.0
KIN	09/03/2009	03	2009	Grab	S	0.515	NaN	633.3	9833.3	16.7	50.0	0.0	66.7	0.0	0.0	0.0	0.0
KIN	09/03/2009	03	2009	Grab	B	4.800	5.3	6620.0	200.0	0.0	100.0	0.0	0.0	0.0	0.0	0.0	0.0
KIN	23/03/2009	03	2009	Grab	S	0.506	NaN	990.0	2100.0	15.0	55.0	0.0	10.0	0.0	0.0	0.0	0.0
KIN	23/03/2009	03	2009	Grab	B	4.700	5.2	2050.0	650.0	0.0	45.0	0.0	35.0	0.0	0.0	0.0	0.0
KIN	06/04/2009	04	2009	Grab	S	0.501	NaN	287.5	277.5	7.5	182.5	0.0	60.0	0.0	0.0	0.0	0.0
KIN	06/04/2009	04	2009	Grab	B	4.700	5.2	315.0	30.0	0.0	5.0	0.0	0.0	0.0	0.0	0.0	0.0
KIN	20/04/2009	04	2009	Grab	S	0.504	NaN	210.0	33.0	3.0	2.0	0.0	0.0	0.0	0.0	0.0	0.0
KIN	20/04/2009	04	2009	Grab	B	4.700	5.2	165.0	152.5	2.5	67.5	0.0	40.0	0.0	0.0	0.0	0.0
KIN	04/05/2009	05	2009	Grab	S	0.517	NaN	15.0	335.0	12.5	235.0	5.0	47.5	0.0	0.0	0.0	0.0
KIN	04/05/2009	05	2009	Grab	B	4.500	5	20.0	32.5	0.0	62.5	0.0	0.0	0.0	0.0	0.0	0.0
KIN	18/05/2009	05	2009	Grab	S	0.504	NaN	30.0	905.0	535.0	120.0	5.0	45.0	0.0	0.0	0.0	0.0
KIN	18/05/2009	05	2009	Grab	B	5.000	5.5	6.3	40.6	3.1	3.1	0.0	0.0	0.0	0.0	0.0	0.0
KIN	02/06/2009	06	2009	Grab	S	0.512	NaN	65.0	420.8	5.0	945.0	0.0	30.0	0.0	0.0	0.0	0.0
KIN	02/06/2009	06	2009	Grab	B	4.600	5.3	2.5	15.0	0.0	2.5	0.0	2.5	0.0	0.0	0.0	0.0
KIN	15/06/2009	06	2009	Grab	S	0.506	NaN	146.7	316.7	163.3	540.0	0.0	3.3	0.0	0.0	0.0	0.0
KIN	15/06/2009	06	2009	Grab	B	4.500	5	66.7	3.3	3.3	0.0	0.0	0.0	0.0	0.0	0.0	0.0
KIN	30/06/2009	06	2009	Grab	S	0.499	NaN	1360.0	100.0	153.3	340.0	0.0	0.0	0.0	0.0	0.0	0.0
KIN	30/06/2009	06	2009	Grab	B	4.000	4.5	73.3	80.0	0.0	13.3	0.0	0.0	0.0	0.0	0.0	0.0
KIN	13/07/2009	07	2009	Grab	S	0.504	NaN	893.3	70.0	86.7	130.0	0.0	10.0	0.0	0.0	0.0	0.0
KIN	13/07/2009	07	2009	Grab	B	5.000	5.5	996.7	63.3	60.0	36.7	0.0	3.3	0.0	0.0	0.0	0.0
KIN	27/07/2009	07	2009	Grab	S	0.501	NaN	1680.0	2400.0	100.0	3860.0	0.0	0.0	0.0	0.0	0.0	0.0
KIN	27/07/2009	07	2009	Grab	B	4.500	5	830.0	1230.0	0.0	380.0	0.0	0.0	0.0	0.0	0.0	0.0
KIN	10/08/2009	08	2009	Grab	S	0.499	NaN	380.0	97.5	2.5	25.0	0.0	0.0	0.0	0.0	0.0	0.0
KIN	10/08/2009	08	2009	Grab	B	4.500	5	296.7	106.7	0.0	10.0	0.0	0.0	0.0	0.0	0.0	0.0
KIN	24/08/2009	08	2009	Grab	S	0.535	NaN	250.0	2050.0	0.0	1030.0	0.0	0.0	0.0	0.0	0.0	0.0
KIN	24/08/2009	08	2009	Grab	B	4.500	5	400.0	1740.0	0.0	700.0	0.0	0.0	0.0	0.0	0.0	0.0
KIN	07/09/2009	09	2009	Grab	S	0.493	NaN	113.3	156.7	0.0	103.3	0.0	0.0	0.0	0.0	0.0	0.0
KIN	07/09/2009	09	2009	Grab	B	3.800	4.3	105.7	248.6	0.0	120.0	0.0	0.0	0.0	0.0	0.0	0.0
KIN	21/09/2009	09	2009	Grab	S	0.478	NaN	106.7	196.7	3.3	30.0	0.0	0.0	0.0	0.0	0.0	0.0
KIN	21/09/2009	09	2009	Grab	B	5.000	5.5	520.0	620.0	0.0	0.0	0.0	0.0	0.0	0.0	0.0	0.0
KIN	05/10/2009	10	2009	Grab	S	0.528	NaN	126.7	296.7	16.7	46.7	0.0	0.0	0.0	0.0	0.0	0.0
KIN	05/10/2009	10	2009	Grab	B	4.500	5	277.8	619.0	0.0	31.7	0.0	0.0	0.0	0.0	0.0	0.0
KIN	19/10/2009	10	2009	Grab	S	0.503	NaN	280.0	180.0	860.0	1520.0	0.0	0.0	0.0	0.0	0.0	0.0
KIN	19/10/2009	10	2009	Grab	B	4.800	5.3	450.0	260.0	0.0	130.0	0.0	5.0	0.0	0.0	0.0	0.0
KIN	02/11/2009	11	2009	Grab	S	0.502	NaN	720.0	3280.0	880.0	2100.0	0.0	0.0	0.0	0.0	0.0	0.0
KIN	02/11/2009	11	2009	Grab	B	4.000	4.5	520.0	2786.7	66.7	186.7	0.0	13.3	0.0	0.0	0.0	0.0
SUC	15/12/2008	12	2008	Grab	S	0.508	NaN	0.0	0.0	0.0	0.0	0.0	0.0	0.0	0.0	0.0	0.0
SUC	15/12/2008	12	2008	Grab	B	3.700	4.1	0.0	0.0	0.0	0.0	0.0	0.0	0.0	0.0	0.0	0.0
SUC	29/12/2008	12	2008	Grab	S	0.522	NaN	4050.0	2475.0	0.0	100.0	0.0	3475.0	0.0	0.0	0.0	0.0
SUC	29/12/2008	12	2008	Grab	B	3.200	3.7	2787.5	525.0	0.0	12.5	0.0	100.0	0.0	0.0	0.0	12.5
SUC	12/01/2009	01	2009	Grab	S	0.510	NaN	14.3	1271.4	0.0	14.3	0.0	4557.1	0.0	0.0	0.0	0.0
SUC	12/01/2009	01	2009	Grab	B	3.600	4.1	135.0	20.0	435.0	0.0	0.0	0.0	1485.0	0.0	0.0	0.0
SUC	27/01/2009	01	2009	Grab	S	0.525	NaN	20.0	605.0	0.0	2.5	0.0	155.0	0.0	0.0	0.0	0.0
SUC	27/01/2009	01	2009	Grab	B	3.200	3.7	157.0	57.0	2.0	1.0	0.0	0.0	0.0	1.0	0.0	11.0
SUC	09/02/2009	02	2009	Grab	S	0.581	NaN	160.0	115.0	79450.0	5.0	0.0	0.0	0.0	0.0	0.0	0.0
SUC	09/02/2009	02	2009	Grab	B	2.800	3.3	750.0	375.0	10850.0	0.0	0.0	0.0	0.0	0.0	0.0	0.0
SUC	02/03/2009	03	2009	Grab	S	0.508	NaN	115.0	905.0	35.0	285.0	5.0	30.0	0.0	0.0	0.0	0.0
SUC	02/03/2009	03	2009	Grab	B	3.500	4	12400.0	1150.0	0.0	250.0	0.0	0.0	0.0	0.0	0.0	0.0
SUC	09/03/2009	03	2009	Grab	S	0.500	NaN	1045.0	2060.0	0.0	280.0	0.0	95.0	0.0	0.0	0.0	0.0
SUC	09/03/2009	03	2009	Grab	B	3.800	4.3	796.0	47.0	0.0	13.0	0.0	0.0	0.0	0.0	0.0	0.0
SUC	23/03/2009	03	2009	Grab	S	0.518	NaN	495.0	3070.0	0.0	30.0	0.0	0.0	0.0	0.0	0.0	0.0
SUC	23/03/2009	03	2009	Grab	B	3.500	4	17350.0	16500.0	0.0	50.0	0.0	150.0	0.0	0.0	0.0	0.0
SUC	06/04/2009	04	2009	Grab	S	0.614	NaN	155.0	195.0	290.0	332.5	32.5	40.0	0.0	0.0	0.0	0.0
SUC	06/04/2009	04	2009	Grab	B	3.000	3.5	2975.0	275.0	0.0	75.0	0.0	0.0	0.0	0.0	0.0	0.0
SUC	20/04/2009	04	2009	Grab	S	0.511	NaN	377.5	380.0	17.5	307.5	0.0	45.0	0.0	0.0	0.0	0.0
SUC	20/04/2009	04	2009	Grab	B	4.000	4.5	2125.0	350.0	0.0	0.0	0.0	0.0	0.0	0.0	0.0	0.0
SUC	04/05/2009	05	2009	Grab	S	0.501	NaN	35.0	250.0	67.5	337.5	2.5	42.5	0.0	0.0	0.0	0.0
SUC	04/05/2009	05	2009	Grab	B	4.000	4.5	200.0	225.0	25.0	1200.0	0.0	0.0	0.0	0.0	0.0	0.0
SUC	18/05/2009	05	2009	Grab	S	0.495	NaN	7.1	703.6	196.4	39.3	0.0	10.7	0.0	0.0	0.0	0.0
SUC	18/05/2009	05	2009	Grab	B	4.100	4.6	85.0	110.0	25.0	15.0	0.0	0.0	0.0	0.0	0.0	0.0
SUC	02/06/2009	06	2009	Grab	S	0.492	NaN	20.0	432.5	12.5	420.0	0.0	32.5	0.0	0.0	0.0	0.0
SUC	02/06/2009	06	2009	Grab	B	4.200	4.7	57.5	37.5	0.0	2.5	0.0	0.0	0.0	0.0	0.0	0.0
SUC	15/06/2009	06	2009	Grab	S	0.502	NaN	96.7	150.0	6.7	290.0	3.3	3.3	0.0	0.0	0.0	0.0
SUC	15/06/2009	06	2009	Grab	B	3.400	3.9	40.0	0.0	30.0	0.0	3.3	0.0	0.0	0.0	0.0	0.0
SUC	30/06/2009	06	2009	Grab	S	0.492	NaN	1448.0	28.0	48.0	24.0	0.0	0.0	0.0	0.0	0.0	36.0
SUC	30/06/2009	06	2009	Grab	B	3.800	4.3	12520.0	120.0	0.0	160.0	0.0	0.0	0.0	0.0	0.0	0.0
SUC	13/07/2009	07	2009	Grab	S	0.504	NaN	1120.0	70.0	105.0	60.0	0.0	5.0	0.0	0.0	0.0	0.0
SUC	13/07/2009	07	2009	Grab	B	3.500	4	906.7	40.0	50.0	23.3	0.0	6.7	0.0	0.0	0.0	0.0
SUC	27/07/2009	07	2009	Grab	S	0.533	NaN	1080.0	1140.0	0.0	560.0	0.0	0.0	0.0	0.0	0.0	0.0
SUC	27/07/2009	07	2009	Grab	B	4.000	4.5	1240.0	1640.0	0.0	620.0	0.0	0.0	0.0	0.0	0.0	0.0
SUC	10/08/2009	08	2009	Grab	S	0.513	NaN	360.0	83.3	0.0	23.3	0.0	0.0	0.0	0.0	0.0	0.0
SUC	10/08/2009	08	2009	Grab	B	4.500	5	380.0	43.3	0.0	10.0	0.0	0.0	0.0	0.0	0.0	0.0
SUC	24/08/2009	08	2009	Grab	S	0.496	NaN	528.0	3088.0	16.0	1936.0	0.0	0.0	0.0	0.0	0.0	64.0
SUC	24/08/2009	08	2009	Grab	B	4.500	5	660.0	3540.0	0.0	2380.0	0.0	0.0	0.0	0.0	0.0	0.0
SUC	07/09/2009	09	2009	Grab	S	0.501	NaN	76.7	120.0	0.0	10.0	0.0	0.0	0.0	0.0	0.0	0.0
SUC	07/09/2009	09	2009	Grab	B	4.000	4.5	93.3	116.7	0.0	3.3	0.0	0.0	0.0	0.0	0.0	0.0
SUC	21/09/2009	09	2009	Grab	S	0.496	NaN	100.0	136.7	0.0	16.7	0.0	3.3	0.0	0.0	0.0	0.0
SUC	21/09/2009	09	2009	Grab	B	4.000	4.5	173.3	213.3	0.0	40.0	0.0	0.0	0.0	0.0	0.0	0.0
SUC	05/10/2009	10	2009	Grab	S	0.517	NaN	86.7	76.7	23.3	26.7	0.0	0.0	0.0	0.0	0.0	0.0
SUC	05/10/2009	10	2009	Grab	B	3.500	4	90.0	163.3	0.0	6.7	0.0	0.0	0.0	0.0	0.0	0.0
SUC	19/10/2009	10	2009	Grab	S	0.488	NaN	46.7	33.3	780.0	440.0	0.0	0.0	0.0	0.0	0.0	0.0
SUC	19/10/2009	10	2009	Grab	B	4.100	4.6	300.0	160.0	10.0	30.0	0.0	0.0	0.0	0.0	0.0	0.0
SUC	02/11/2009	11	2009	Grab	S	0.505	NaN	43.3	283.3	266.7	63.3	0.0	0.0	0.0	0.0	0.0	0.0
SUC	02/11/2009	11	2009	Grab	B	2.700	3.2	760.0	1600.0	240.0	2420.0	0.0	0.0	0.0	0.0	0.0	80.0